1 -0.0000000266340519 
2 0.0000000126684425 
3 -0.0000000013157251 
4 0.0000000505995369 
5 0.0000000491724620 
6 0.0000000539659393 
7 0.0000000649289340 
8 0.0000000820011328 
9 0.0000000455082991 
10 0.0000000745808524 
11 0.0000000499213550 
12 0.0000000310370258 
13 0.0000000178211615 
14 -0.0000000494468630 
15 0.0000000079216290 
16 0.0000000109781698 
17 0.0000000191835945 
18 -0.0000000272198271 
19 -0.0000000091851654 
20 0.0000000135112997 
21 -0.0000000189159853 
22 0.0000000125520864 
23 -0.0000000114932301 
24 0.0000000279486270 
25 0.0000000114503688 
26 -0.0000000016106305 
27 -0.0000000114709117 
28 -0.0000000183762852 
29 -0.0000000821864751 
30 -0.0000000243518944 
31 -0.0000000835647371 
32 -0.0000000812939500 
33 -0.0000000774363245 
34 -0.0000000722932721 
35 -0.0000000661754680 
36 -0.0000000594028504 
37 0.0000000073000256 
38 0.0000000143854098 
39 -0.0000000384944188 
40 0.0000000271174951 
41 0.0000000320409799 
42 0.0000000355051867 
43 -0.0000000820839231 
44 -0.0000000230971290 
45 -0.0000000263562664 
46 -0.0000000326691988 
47 0.0000000171469597 
48 0.0000000034519116 
49 0.0000000450146905 
50 0.0000000221765040 
51 0.0000000536878938 
52 0.0000000198715785 
53 0.0000000394596135 
54 -0.0000000072437660 
55 -0.0000000611296300 
56 -0.0000000630982863 
57 -0.0000000732685689 
58 -0.0000000921639017 
59 -0.0000000011076527 
60 0.0000000205443548 
61 0.0000000318456467 
62 0.0000000918405203 
63 0.0000000807501120 
64 0.0000000576002679 
65 0.0000000814076105 
66 0.0000000919702517 
67 0.0000000886817287 
68 0.0000000709263610 
69 0.0000000380792520 
70 -0.0000000104937086 
71 0.0000000437734468 
72 -0.0000000381903934 
73 -0.0000000782330351 
74 -0.0000000174207797 
75 -0.0000000948523565 
76 -0.0000000727985389 
77 -0.0000000711671678 
78 -0.0000000906659932 
79 -0.0000000724073153 
80 -0.0000000767219170 
81 -0.0000000447404834 
82 -0.0000000368121774 
83 -0.0000000536907041 
84 0.0000000230703369 
85 -0.0000000457197049 
86 -0.0000000820281461 
87 -0.0000000270407697 
88 -0.0000000603711134 
89 -0.0000000636186628 
90 -0.0000000376013634 
91 -0.0000000427509725 
92 -0.0000000202991233 
93 -0.0000000306959004 
94 -0.0000000151912590 
95 -0.0000000342536011 
96 0.0000000304534513 
97 -0.0000000007660997 
98 -0.0000000095941775 
99 -0.0000000565357859 
100 -0.0000000828957836 
101 -0.0000000895928144 
102 -0.0000000775546607 
103 -0.0000000477182401 
104 -0.0000000606342477 
105 -0.0000000576532185 
106 -0.0000000397394591 
107 -0.0000000078663998 
108 0.0000000369834084 
109 0.0000000342136515 
110 -0.0000000171764543 
111 0.0000000606171298 
112 0.0000000281568203 
113 -0.0000000559808477 
114 -0.0000000736237971 
115 -0.0000000854229842 
116 -0.0000000924338168 
117 -0.0000000361161506 
118 -0.0000000367528655 
119 -0.0000000358219934 
120 -0.0000000344152937 
121 0.0000000259710385 
122 0.0000000250177981 
123 -0.0000000383940040 
124 0.0000000134215082 
125 0.0000000005132758 
126 -0.0000000186602441 
127 0.0000000143503469 
128 0.0000000387761017 
129 -0.0000000061609789 
130 -0.0000000024340086 
131 0.0000000487655649 
132 -0.0000000325766821 
133 0.0000000503529470 
134 -0.0000000016873325 
135 -0.0000000111111778 
136 0.0000000208447934 
137 -0.0000000262743491 
138 -0.0000000345139758 
139 -0.0000000051377612 
140 -0.0000000586276812 
141 -0.0000000174514950 
142 -0.0000000021091894 
143 -0.0000000735051058 
144 -0.0000001137386472 
145 -0.0000000645228528 
146 -0.0000001059983288 
147 -0.0000000606867961 
148 -0.0000000491421793 
149 -0.0000000727180886 
150 -0.0000000135678160 
151 0.0000000077278000 
152 -0.0000000102117526 
153 -0.0000000091712993 
154 0.0000000690553794 
155 -0.0000000153576710 
156 -0.0000000850128378 
157 -0.0000000221260944 
158 -0.0000000665502206 
159 -0.0000001005190602 
160 -0.0000000658800305 
161 -0.0000000236987625 
162 -0.0000000350498071 
163 -0.0000000418073404 
164 0.0000000141455502 
165 -0.0000000475017077 
166 -0.0000000494407194 
167 0.0000000068140782 
168 0.0000000005300663 
169 -0.0000000102203273 
170 -0.0000000269782029 
171 -0.0000000512935390 
172 -0.0000000847251881 
173 -0.0000000692362265 
174 -0.0000001256125295 
175 -0.0000001362302522 
176 -0.0000001026836942 
177 -0.0000000861806494 
178 -0.0000000883331117 
179 -0.0000000511572703 
180 -0.0000000358874388 
181 -0.0000000441621161 
182 -0.0000000180239812 
183 -0.0000000783384676 
184 -0.0000001075612447 
185 -0.0000000477614363 
186 -0.0000000198309054 
187 -0.0000000254610252 
188 -0.0000000067473187 
189 0.0000000346012572 
190 -0.0000000223423283 
191 -0.0000000004906607 
192 0.0000000388163215 
193 -0.0000000253747333 
194 0.0000000436019291 
195 -0.0000000540384979 
196 -0.0000000816477703 
197 0.0000000185996748 
198 0.0000000064974347 
199 -0.0000000005417604 
200 -0.0000000043232008 
201 -0.0000000066609016 
202 -0.0000000093775978 
203 -0.0000000143047381 
204 0.0000000363221651 
205 0.0000000214449619 
206 -0.0000000011892600 
207 0.0000000261578953 
208 0.0000000420068482 
209 -0.0000000151306607 
210 -0.0000000279376313 
211 0.0000000016849786 
212 -0.0000000473817412 
213 -0.0000000578467793 
214 -0.0000000912417090 
215 -0.0000000898974601 
216 -0.0000000557582462 
217 -0.0000001099862044 
218 -0.0000000757288747 
219 -0.0000000145609985 
220 -0.0000000476705774 
221 -0.0000000578356432 
222 0.0000000125525238 
223 -0.0000000173245330 
224 -0.0000000302706380 
225 -0.0000000283074900 
226 -0.0000000730700118 
227 -0.0000001069924094 
228 -0.0000000725174553 
229 -0.0000000313057721 
230 -0.0000000450265366 
231 0.0000000034564610 
232 -0.0000000071476901 
233 -0.0000000193245016 
234 0.0000000244319861 
235 0.0000000028052756 
236 -0.0000000267157120 
237 -0.0000000662552100 
238 0.0000000012633349 
239 -0.0000001243245342 
240 -0.0000000875406717 
241 -0.0000000693572184 
242 -0.0000001315455025 
243 -0.0000001570713883 
244 -0.0000000885138487 
245 -0.0000001068788925 
246 -0.0000000951577552 
247 -0.0000000555594055 
248 -0.0000000499058939 
249 -0.0000000804230561 
250 -0.0000000301358620 
251 -0.0000000204962769 
252 -0.0000001133600314 
253 -0.0000000725680348 
254 -0.0000000792021063 
255 -0.0000000759338749 
256 -0.0000000054433517 
257 -0.0000000488375023 
258 -0.0000000892084366 
259 -0.0000000096566262 
260 -0.0000000509187646 
261 -0.0000000365073800 
262 0.0000000312427256 
263 0.0000000307791275 
264 -0.0000000402496354 
265 -0.0000000053894083 
266 -0.0000000458222165 
267 -0.0000001043198106 
268 0.0000000551516962 
269 0.0000000129668083 
270 -0.0000000544618045 
271 0.0000000292702526 
272 0.0000000233265928 
273 -0.0000000151142069 
274 -0.0000000288818227 
275 0.0000000391858235 
276 0.0000000078239926 
277 0.0000001129922281 
278 0.0000000542000477 
279 -0.0000000518187339 
280 -0.0000000883385096 
281 -0.0000001174558075 
282 -0.0000000224614145 
283 -0.0000001038868159 
284 -0.0000000066205827 
285 -0.0000000312105483 
286 -0.0000000609801950 
287 -0.0000000388658049 
288 -0.0000000270210962 
289 -0.0000000280032820 
290 0.0000000152269384 
291 -0.0000000191131923 
292 -0.0000000143959681 
293 0.0000000267889195 
294 -0.0000000173656105 
295 -0.0000000898607968 
296 -0.0000000144966728 
297 -0.0000000919185061 
298 -0.0000000863378298 
299 -0.0000000003928159 
300 -0.0000000751482678 
301 -0.0000000748398752 
302 -0.0000000021299423 
303 0.0000000211019089 
304 -0.0000000078226735 
305 -0.0000000319854085 
306 0.0000000055239814 
307 -0.0000000172061554 
308 0.0000000163231213 
309 -0.0000000754204509 
310 0.0000000028600535 
311 0.0000000100117949 
312 -0.0000000567074411 
313 -0.0000001404431695 
314 -0.0000000651395531 
315 -0.0000000719811963 
316 -0.0000001041374003 
317 -0.0000001047853777 
318 -0.0000000171102449 
319 -0.0000000227235917 
320 -0.0000000648263156 
321 0.0000000325820979 
322 -0.0000000313428639 
323 0.0000000981975181 
324 0.0000000011337288 
325 -0.0000000273558527 
326 -0.0000001093331956 
327 -0.0000000092402263 
328 -0.0000000875731361 
329 -0.0000001087894772 
330 -0.0000000161685362 
331 -0.0000000510206138 
332 -0.0000000374312803 
333 0.0000000216921870 
334 0.0000000042254565 
335 -0.0000000927542695 
336 -0.0000000337589562 
337 -0.0000001197501095 
338 -0.0000001152551612 
339 -0.0000002020417765 
340 -0.0000000850481732 
341 -0.0000001248713631 
342 -0.0000000264649589 
343 -0.0000000312320594 
344 -0.0000000229555697 
345 0.0000000549692951 
346 0.0000000207210840 
347 -0.0000000095060770 
348 -0.0000000387349897 
349 0.0000000492132052 
350 -0.0000000467227663 
351 -0.0000000911699857 
352 -0.0000000275770695 
353 -0.0000000974234501 
354 -0.0000000653589840 
355 -0.0000000536689695 
356 -0.0000000654369788 
357 0.0000000154551505 
358 0.0000000070948127 
359 -0.0000000340195545 
360 -0.0000000513970397 
361 0.0000000114457525 
362 0.0000000321707757 
363 -0.0000000519628688 
364 -0.0000000056803440 
365 -0.0000000705514493 
366 -0.0000000709209398 
367 -0.0000000695596083 
368 -0.0000001292456975 
369 -0.0000001935555999 
370 -0.0000000868638490 
371 -0.0000001103895569 
372 -0.0000001481267325 
373 -0.0000000244721416 
374 -0.0000000406670987 
375 -0.0000000807277863 
376 0.0000000309268861 
377 -0.0000000069665106 
378 -0.0000000188415994 
379 0.0000000516513657 
380 -0.0000000371684256 
381 -0.0000001097565920 
382 -0.0000001693899986 
383 -0.0000001001435230 
384 -0.0000000841225593 
385 -0.0000000054165589 
386 0.0000000134591750 
387 -0.0000000308086331 
388 0.0000000968780687 
389 0.0000000355636427 
390 0.0000000203316675 
391 0.0000000478399208 
392 -0.0000000044703202 
393 -0.0000000803510453 
394 -0.0000001235614348 
395 -0.0000000778678498 
396 -0.0000001254624009 
397 -0.0000001505211349 
398 -0.0000000968318928 
399 -0.0000000870035897 
400 -0.0000000052336903 
401 -0.0000000337500019 
402 -0.0000000567642164 
403 -0.0000000777044129 
404 0.0000000192035315 
405 -0.0000000079012055 
406 -0.0000001028632892 
407 -0.0000000307205065 
408 -0.0000000333548474 
409 -0.0000001142367583 
410 -0.0000000980297753 
411 -0.0000001074276719 
412 -0.0000001459219354 
413 -0.0000000381971110 
414 -0.0000000857818840 
415 -0.0000001133747529 
416 -0.0000001244951101 
417 -0.0000000034600092 
418 -0.0000000518259553 
419 0.0000000844947103 
420 -0.0000000152776529 
421 -0.0000000566738547 
422 0.0000000163498199 
423 -0.0000000977976671 
424 -0.0000001642724253 
425 -0.0000000674467168 
426 -0.0000001089321694 
427 -0.0000001135100939 
428 -0.0000001443872107 
429 -0.0000000263584807 
430 -0.0000000610628310 
431 0.0000000459004614 
432 0.0000000524835302 
433 0.0000000146549579 
434 0.0000000479812071 
435 -0.0000000300012362 
436 -0.0000000441347595 
437 -0.0000001172917050 
438 -0.0000000743279112 
439 -0.0000001573384377 
440 -0.0000001911925287 
441 -0.0000000603707589 
442 -0.0000001261975365 
443 -0.0000000943528404 
444 -0.0000000281511706 
445 -0.0000000505183129 
446 -0.0000000459681039 
447 0.0000000413743569 
448 -0.0000000306458608 
449 -0.0000000869577702 
450 -0.0000000717062574 
451 -0.0000000482520712 
452 -0.0000001395671668 
453 -0.0000001110021802 
454 -0.0000001451467997 
455 -0.0000001861786609 
456 -0.0000001186772707 
457 -0.0000001252518631 
458 -0.0000001500995854 
459 -0.0000001970287109 
460 -0.0000000910400472 
461 -0.0000001339780177 
462 -0.0000000316470438 
463 -0.0000000859044292 
464 -0.0000001813813864 
465 0.0000000357030405 
466 -0.0000000941555534 
467 -0.0000001575843537 
468 -0.0000000988447909 
469 -0.0000001006232380 
470 -0.0000001667984858 
471 -0.0000001820463762 
472 -0.0000000906537233 
473 -0.0000000753322380 
474 -0.0000001399860003 
475 -0.0000000501068051 
476 -0.0000001076345301 
477 -0.0000000184688745 
478 -0.0000001441668877 
479 -0.0000001906407702 
480 -0.0000001618321805 
481 -0.0000001212936427 
482 -0.0000001325838893 
483 -0.0000001400585607 
484 -0.0000000284748375 
485 -0.0000000402239413 
486 -0.0000000600753859 
487 0.0000000867998108 
488 0.0000000387826922 
489 -0.0000000293100203 
490 0.0000000573322827 
491 -0.0000000629276917 
492 -0.0000001556868773 
493 -0.0000001057575716 
494 -0.0000000959813605 
495 -0.0000001899965903 
496 -0.0000000938197779 
497 -0.0000001691245590 
498 -0.0000001815441352 
499 -0.0000000755316445 
500 -0.0000000935694375 
501 -0.0000001205179740 
502 -0.0000000412436776 
503 -0.0000000386421481 
504 -0.0000001168009909 
505 -0.0000002202090934 
506 -0.0000001145473240 
507 -0.0000001615489003 
508 -0.0000000673018383 
509 -0.0000001339464779 
510 -0.0000001271872214 
511 -0.0000000511529024 
512 -0.0000000291874829 
513 -0.0000000654314632 
514 -0.0000001044265125 
515 0.0000000284891873 
516 0.0000000311345072 
517 -0.0000000410495894 
518 0.0000000461860312 
519 -0.0000000093570509 
520 -0.0000000926504811 
521 0.0000000305376598 
522 -0.0000001208221595 
523 -0.0000001933001436 
524 -0.0000001314954079 
525 -0.0000001780359663 
526 -0.0000002179276258 
527 -0.0000001361818422 
528 -0.0000001158389308 
529 -0.0000001611308958 
530 -0.0000000378767731 
531 -0.0000000483429976 
532 -0.0000000775690765 
533 -0.0000000106000871 
534 -0.0000000901145347 
535 -0.0000000223546670 
536 -0.0000000500100666 
537 -0.0000001177526123 
538 -0.0000002298643337 
539 -0.0000000926095303 
540 -0.0000001275137186 
541 -0.0000001600614353 
542 -0.0000000753473159 
543 -0.0000000564946603 
544 -0.0000001078182625 
545 0.0000000047802478 
546 -0.0000000210479635 
547 -0.0000000704246054 
548 -0.0000001476860519 
549 0.0000000408491847 
550 -0.0000001052124279 
551 -0.0000001729907971 
552 -0.0000000476343756 
553 -0.0000000911340841 
554 -0.0000000098350458 
555 -0.0000000465294702 
556 -0.0000000863869667 
557 -0.0000000741870452 
558 0.0000000452855416 
559 -0.0000000303870562 
560 -0.0000000671861018 
561 -0.0000000099119947 
562 -0.0000001609981914 
563 -0.0000001076275876 
564 -0.0000000330346878 
565 -0.0000001204591452 
566 -0.0000001955178798 
567 -0.0000000838329323 
568 -0.0000000878686106 
569 -0.0000001524664476 
570 -0.0000001628684129 
571 -0.0000000043215429 
572 -0.0000000389150868 
573 0.0000000865124041 
574 0.0000000694662590 
575 -0.0000000349253376 
576 -0.0000001119345550 
577 -0.0000000468385488 
578 -0.0000001421519596 
579 -0.0000000447432944 
580 -0.0000001167417417 
581 -0.0000001242349732 
582 -0.0000001909434467 
583 -0.0000000233600098 
584 -0.0000000432381374 
585 -0.0000000762897321 
586 0.0000000517684408 
587 -0.0000000212270352 
588 0.0000000578113264 
589 -0.0000000136849014 
590 -0.0000001210564387 
591 -0.0000000900441542 
592 -0.0000000444169194 
593 -0.0000001079483709 
594 0.0000000128156161 
595 -0.0000000443266625 
596 -0.0000001051398321 
597 -0.0000001146025168 
598 0.0000000419066084 
599 0.0000000021670283 
600 -0.0000000298023137 
601 -0.0000000884057075 
602 0.0000000303664964 
603 0.0000000834844867 
604 -0.0000000230745479 
605 0.0000000338944973 
606 -0.0000001078612714 
607 -0.0000000357389342 
608 -0.0000001120005096 
609 -0.0000001922730755 
610 -0.0000002215952050 
611 -0.0000000854053381 
612 0.0000000626326842 
613 0.0000000390482143 
614 0.0000000179940033 
615 -0.0000000349979110 
616 0.0000000840186470 
617 0.0000000425436217 
618 -0.0000000448926195 
619 -0.0000000935664312 
620 -0.0000000485608753 
621 -0.0000001529866076 
622 -0.0000000837145156 
623 -0.0000001136662758 
624 -0.0000001581400242 
625 -0.0000001920428552 
626 -0.0000000412745494 
627 -0.0000000681809760 
628 0.0000000801434639 
629 0.0000000413443749 
630 -0.0000000104950761 
631 0.0000000987040504 
632 0.0000000065746780 
633 -0.0000000234056970 
634 -0.0000001449962765 
635 -0.0000000947279173 
636 -0.0000001753797572 
637 -0.0000000638863036 
638 -0.0000001226396051 
639 -0.0000001477916963 
640 -0.0000001441149647 
641 0.0000000028234087 
642 -0.0000000395826601 
643 -0.0000000675015056 
644 -0.0000001155240796 
645 -0.0000000096291017 
646 0.0000000665728309 
647 0.0000000784787382 
648 -0.0000000681229856 
649 -0.0000001694246869 
650 -0.0000000812273084 
651 -0.0000001361728867 
652 -0.0000001602678996 
653 -0.0000001881389889 
654 -0.0000000458004313 
655 -0.0000000659098618 
656 0.0000000745223145 
657 0.0000000726330741 
658 0.0000000129857521 
659 -0.0000000496624586 
660 0.0000000288487992 
661 0.0000000052459025 
662 0.0000000236816452 
663 -0.0000000697181622 
664 -0.0000001606105519 
665 -0.0000000452493197 
666 -0.0000000861361004 
667 -0.0000001093344263 
668 -0.0000001197254498 
669 0.0000000268176191 
670 -0.0000000024192436 
671 0.0000001154973898 
672 0.0000000776485512 
673 -0.0000000016558239 
674 -0.0000000677140417 
675 -0.0000000062233437 
676 -0.0000000903147294 
677 -0.0000001758902347 
678 -0.0000002678670443 
679 -0.0000001327472843 
680 0.0000000159285771 
681 -0.0000000055810971 
682 -0.0000000531958735 
683 -0.0000000722457468 
684 0.0000000813428094 
685 0.0000000151980875 
686 -0.0000000372062659 
687 -0.0000001106209063 
688 -0.0000000609859408 
689 -0.0000000422680709 
690 -0.0000000594257420 
691 -0.0000001472230620 
692 -0.0000002212181749 
693 -0.0000000777632451 
694 -0.0000001092601803 
695 -0.0000001120677203 
696 -0.0000001507687706 
697 0.0000000080737371 
698 -0.0000000279551335 
699 0.0000000937845214 
700 0.0000000404759872 
701 -0.0000000140611593 
702 -0.0000001344290942 
703 -0.0000000872099274 
704 -0.0000001158260714 
705 -0.0000000464705524 
706 -0.0000001225720229 
707 -0.0000002001320420 
708 -0.0000000457482837 
709 -0.0000000816725814 
710 -0.0000001043110499 
711 -0.0000001186890971 
712 0.0000000489787822 
713 0.0000000062309625 
714 0.0000001354632098 
715 0.0000000740102558 
716 -0.0000000043543255 
717 -0.0000001046738379 
718 0.0000000064240651 
719 -0.0000001231445990 
720 -0.0000002004086512 
721 -0.0000002602253412 
722 -0.0000001586408524 
723 0.0000000098772011 
724 -0.0000000279555657 
725 -0.0000000387868788 
726 -0.0000000872904927 
727 0.0000000598802700 
728 0.0000000102205430 
729 -0.0000000625331745 
730 -0.0000001634610616 
731 -0.0000000890297690 
732 -0.0000001423481409 
733 -0.0000000602835939 
734 -0.0000001459503515 
735 -0.0000001958258235 
736 -0.0000002150063271 
737 -0.0000000893815256 
738 -0.0000000922738927 
739 0.0000000692356180 
740 0.0000000324123720 
741 0.0000000007632875 
742 0.0000001479904019 
743 0.0000000517467629 
744 -0.0000000248636932 
745 -0.0000001465650878 
746 -0.0000000502584909 
747 -0.0000001583008675 
748 -0.0000000585866195 
749 -0.0000001138729794 
750 -0.0000001504778104 
751 -0.0000002033376489 
752 -0.0000000391705317 
753 -0.0000000505456517 
754 -0.0000000935927690 
755 -0.0000001138509658 
756 0.0000000176441429 
757 0.0000001467325560 
758 0.0000000447461587 
759 -0.0000000699506198 
760 -0.0000000982049160 
761 -0.0000000302730942 
762 -0.0000001097335044 
763 -0.0000001778353723 
764 -0.0000002248417499 
765 -0.0000000771051133 
766 0.0000000813920107 
767 0.0000000517637680 
768 0.0000000225523448 
769 -0.0000000114173025 
770 0.0000001234915976 
771 0.0000000495707498 
772 -0.0000000446461034 
773 -0.0000001494412260 
774 0.0000000280231255 
775 -0.0000000985858559 
776 0.0000000019840881 
777 -0.0000000628887867 
778 -0.0000001195840914 
779 -0.0000001583961874 
780 -0.0000000206097848 
781 -0.0000000541510194 
782 0.0000000934066198 
783 0.0000000592319931 
784 0.0000000020327052 
785 0.0000000954156395 
786 0.0000000063463343 
787 -0.0000001362755259 
788 -0.0000000396393176 
789 -0.0000000218838440 
790 -0.0000001478299709 
791 -0.0000000650678369 
792 -0.0000001364450884 
793 -0.0000001883693231 
794 -0.0000002260638123 
795 -0.0000000759396156 
796 -0.0000001157524639 
797 -0.0000001421144924 
798 -0.0000001900580902 
799 -0.0000000561987269 
800 0.0000000456139717 
801 -0.0000000388666030 
802 0.0000000278496486 
803 -0.0000000873010229 
804 -0.0000000021282091 
805 -0.0000000795011247 
806 -0.0000001458487290 
807 -0.0000001915142858 
808 -0.0000000429298012 
809 -0.0000000778717454 
810 0.0000000709399880 
811 0.0000000257259777 
812 -0.0000000399516845 
813 -0.0000001164451163 
814 -0.0000000301950812 
815 -0.0000001589867107 
816 0.0000000283643093 
817 -0.0000000843484910 
818 -0.0000001596586202 
819 -0.0000000389148612 
820 -0.0000000850079618 
821 -0.0000001094870130 
822 -0.0000001325186544 
823 0.0000000343454568 
824 -0.0000000015928839 
825 0.0000001418272587 
826 0.0000001017075328 
827 0.0000000217878557 
828 -0.0000000734023397 
829 -0.0000000103231877 
830 0.0000000641890488 
831 -0.0000001084617492 
832 -0.0000002429804476 
833 -0.0000001658317364 
834 -0.0000000611092726 
835 -0.0000001203583765 
836 -0.0000001700469861 
837 -0.0000002080074432 
838 -0.0000000532591893 
839 -0.0000000836162292 
840 -0.0000001330011864 
841 -0.0000001768987019 
842 -0.0000000641345161 
843 0.0000000286391302 
844 0.0000000290771872 
845 -0.0000000755616724 
846 -0.0000001564586488 
847 -0.0000000251911884 
848 -0.0000000670323157 
849 -0.0000000935612066 
850 0.0000000687409605 
851 0.0000000420492186 
852 0.0000000147819172 
853 0.0000001604554517 
854 0.0000001086930578 
855 0.0000000330095945 
856 -0.0000000718947581 
857 -0.0000000176054519 
858 -0.0000000105894226 
859 0.0000000183571802 
860 -0.0000000999810517 
861 -0.0000001920934817 
862 -0.0000000770195409 
863 -0.0000001251422549 
864 -0.0000001629528817 
865 -0.0000001883066308 
866 -0.0000000276959413 
867 -0.0000000589567827 
868 0.0000000925829659 
869 0.0000000416356698 
870 -0.0000000271174081 
871 -0.0000001152600213 
872 0.0000000401192022 
873 -0.0000000766545075 
874 -0.0000001616925078 
875 -0.0000002240309786 
876 -0.0000000864420053 
877 0.0000000669487625 
878 0.0000000408394161 
879 0.0000000124567039 
880 -0.0000000160616255 
881 0.0000001287851900 
882 0.0000000728799142 
883 -0.0000000009640959 
884 -0.0000001017862261 
885 -0.0000000449110416 
886 0.0000000563134096 
887 0.0000000792256100 
888 -0.0000000466821193 
889 -0.0000001441858637 
890 -0.0000002167384820 
891 -0.0000000815284961 
892 -0.0000001201260701 
893 0.0000000374758031 
894 0.0000000106380069 
895 -0.0000000187598541 
896 0.0000001334900340 
897 0.0000000853512791 
898 0.0000000194017346 
899 -0.0000000696751236 
900 -0.0000000000000147 
901 0.0000000696750941 
902 0.0000001680269041 
903 0.0000001018445290 
904 0.0000000537057742 
905 0.0000000187598249 
906 0.0000001774891240 
907 0.0000001497200052 
908 0.0000001201260409 
909 0.0000000815284664 
910 0.0000002167384524 
911 0.0000003304503491 
912 0.0000002348092500 
913 0.0000001070388755 
914 -0.0000000563134388 
915 0.0000002330381722 
916 0.0000001017861967 
917 0.0000000009640665 
918 -0.0000000728799436 
919 0.0000000574792957 
920 0.0000002060514013 
921 0.0000001738077818 
922 0.0000001491503600 
923 0.0000001193157232 
924 0.0000002727064906 
925 0.0000002240309491 
926 0.0000001616924784 
927 0.0000002629189930 
928 0.0000001498705736 
929 0.0000001152599919 
930 0.0000002133818936 
931 0.0000001446288157 
932 0.0000000936815196 
933 0.0000000589567533 
934 0.0000002139604270 
935 0.0000001883066017 
936 0.0000003492173674 
937 0.0000003114067407 
938 0.0000002632840264 
939 0.0000003783579671 
940 0.0000002862455370 
941 0.0000001679073054 
942 0.0000000105893932 
943 0.0000002038699375 
944 0.0000000718947287 
945 0.0000001532548911 
946 0.0000000775714278 
947 0.0000000258090339 
948 -0.0000000147819465 
949 0.0000001442152672 
950 0.0000001175235253 
951 0.0000000935611776 
952 0.0000000670322866 
953 0.0000002114556742 
954 0.0000003427231345 
955 0.0000002618261578 
956 0.0000001571872985 
957 0.0000001576253554 
958 0.0000002503990018 
959 0.0000001768986726 
960 0.0000001330011574 
961 0.0000002698807149 
962 0.0000002395236749 
963 0.0000002080074140 
964 0.0000003563114720 
965 0.0000003066228624 
966 0.0000002473737583 
967 0.0000001658317074 
968 0.0000002429804186 
969 0.0000001084617198 
970 0.0000001220754367 
971 0.0000001965876734 
972 0.0000000734023105 
973 0.0000001570260494 
974 0.0000000920075336 
975 0.0000000369866464 
976 0.0000000015928547 
977 0.0000001593696096 
978 0.0000001325186253 
979 0.0000003032020796 
980 0.0000002638218672 
981 0.0000002177287666 
982 0.0000001596585913 
983 0.0000002631623962 
984 0.0000001653507569 
985 0.0000001589866814 
986 0.0000000301950521 
987 0.0000001164450872 
988 0.0000002187655900 
989 0.0000001679890888 
990 0.0000001078739173 
991 0.0000000778717163 
992 0.0000002217437065 
993 0.0000001915142567 
994 0.0000001458487000 
995 0.0000000795010960 
996 0.0000001958432758 
997 0.0000002810160896 
998 0.0000001509642570 
999 0.0000002325816696 
1000 0.0000001331999337 
1001 0.0000002499137935 
1002 0.0000001900580613 
1003 0.0000001421144634 
1004 0.0000002945663693 
1005 0.0000002547535210 
1006 0.0000002260637834 
1007 0.0000003671832285 
1008 0.0000003152589938 
1009 0.0000002438817425 
1010 0.0000001478299423 
1011 0.0000002006977496 
1012 0.0000000396392887 
1013 0.0000003150894316 
1014 0.0000001873687321 
1015 0.0000000833982658 
1016 0.0000001767812003 
1017 0.0000001195819124 
1018 0.0000000854072857 
1019 0.0000000541509906 
1020 0.0000001994236903 
1021 0.0000001583961586 
1022 0.0000003132991582 
1023 0.0000002566038536 
1024 0.0000001917309789 
1025 0.0000000985858274 
1026 0.0000001507907804 
1027 0.0000001494411976 
1028 0.0000000446460749 
1029 -0.0000000495707787 
1030 0.0000000553223078 
1031 0.0000001902312081 
1032 0.0000001562615609 
1033 0.0000001270501377 
1034 0.0000000974218951 
1035 0.0000002559190190 
1036 0.0000002248417213 
1037 0.0000001778353437 
1038 0.0000003034485713 
1039 0.0000002090870002 
1040 0.0000000982048875 
1041 0.0000002636656870 
1042 0.0000001340677473 
1043 0.0000000469825112 
1044 -0.0000000176441717 
1045 0.0000001138509373 
1046 0.0000000935927405 
1047 0.0000002293595575 
1048 0.0000002179844376 
1049 0.0000002033376205 
1050 0.0000003292917163 
1051 0.0000002926868853 
1052 0.0000002374005254 
1053 0.0000001583008392 
1054 0.0000002290723971 
1055 0.0000001465650596 
1056 0.0000002036775994 
1057 0.0000001270671431 
1058 0.0000000308235044 
1059 -0.0000000007633160 
1060 0.0000001464015338 
1061 0.0000001095782881 
1062 0.0000000922738647 
1063 0.0000000893814973 
1064 0.0000002150062989 
1065 0.0000003746397296 
1066 0.0000002949619353 
1067 0.0000002390975000 
1068 0.0000001423481128 
1069 0.0000002678436754 
1070 0.0000001634610337 
1071 0.0000000625331467 
1072 0.0000001685933634 
1073 0.0000001189336364 
1074 0.0000002661043990 
1075 0.0000002176007848 
1076 0.0000002067694720 
1077 0.0000001689367052 
1078 0.0000003374547587 
1079 0.0000002602253131 
1080 0.0000002004086232 
1081 0.0000003019585054 
1082 0.0000001723898412 
1083 0.0000001046738100 
1084 0.0000001533659097 
1085 0.0000000750013285 
1086 0.0000000433506966 
1087 -0.0000000062309902 
1088 0.0000001298351245 
1089 0.0000001186890691 
1090 0.0000002831249561 
1091 0.0000002604864879 
1092 0.0000002245621902 
1093 0.0000003789459486 
1094 0.0000003013859295 
1095 0.0000002252844590 
1096 0.0000001158260437 
1097 0.0000002660238343 
1098 0.0000001344290665 
1099 0.0000001928750662 
1100 0.0000001383379197 
1101 0.0000000552270631 
1102 0.0000000279551061 
1103 0.0000001707401697 
1104 0.0000001507687428 
1105 0.0000001120676926 
1106 0.0000001092601528 
1107 0.0000002565771519 
1108 0.0000003702297593 
1109 0.0000003260369688 
1110 0.0000002084373265 
1111 0.0000001912796554 
1112 0.0000002397998477 
1113 0.0000001106208789 
1114 0.0000000372062385 
1115 0.0000001338134973 
1116 0.0000000974710978 
1117 0.0000000722457196 
1118 0.0000002320097807 
1119 0.0000001843950042 
1120 0.0000001628853300 
1121 0.0000001327472570 
1122 0.0000002678670170 
1123 0.0000001758902075 
1124 0.0000002691286365 
1125 0.0000001254326061 
1126 0.0000000677140146 
1127 0.0000001506674087 
1128 0.0000001011653560 
1129 0.0000000335141953 
1130 0.0000000024192167 
1131 0.0000001519962882 
1132 0.0000001197254229 
1133 0.0000002881483339 
1134 0.0000002351476851 
1135 0.0000002240632269 
1136 0.0000001606105252 
1137 0.0000002485320696 
1138 0.0000001551322622 
1139 -0.0000000052459294 
1140 -0.0000000288488261 
1141 0.0000000496624318 
1142 0.0000001658281554 
1143 0.0000001061808334 
1144 0.0000000744892709 
1145 0.0000000659098353 
1146 0.0000002246143393 
1147 0.0000003669528969 
1148 0.0000001602678733 
1149 0.0000002851844718 
1150 0.0000002302388935 
1151 0.0000003482385946 
1152 0.0000000681229589 
1153 0.0000000705328472 
1154 0.0000002612526885 
1155 0.0000001884430093 
1156 0.0000001155240529 
1157 0.0000000675014792 
1158 0.0000002183965682 
1159 0.0000001759904993 
1160 0.0000001441149384 
1161 0.0000001477916699 
1162 0.0000002716511907 
1163 0.0000003917118234 
1164 0.0000001753797301 
1165 0.0000002735418245 
1166 0.0000001449962492 
1167 0.0000001724172817 
1168 -0.0000000065747051 
1169 0.0000000801098569 
1170 0.0000000104950489 
1171 0.0000001076672097 
1172 0.0000002476820550 
1173 0.0000000681809484 
1174 0.0000002200884562 
1175 0.0000001920428276 
1176 0.0000003369539309 
1177 0.0000001136662480 
1178 0.0000002327260996 
1179 0.0000003318005140 
1180 0.0000002273747815 
1181 0.0000002723803374 
1182 0.0000000448925912 
1183 0.0000001064679618 
1184 0.0000000649929365 
1185 0.0000001840094943 
1186 -0.0000000179940319 
1187 0.0000001397656912 
1188 0.0000002651928332 
1189 0.0000002344169211 
1190 0.0000002215951758 
1191 0.0000001922730464 
1192 0.0000002908144150 
1193 0.0000002145528397 
1194 0.0000001078612420 
1195 -0.0000000338945266 
1196 0.0000002018884527 
1197 0.0000002145387075 
1198 -0.0000000303665262 
1199 0.0000000884056777 
1200 0.0000000298022837 
1201 0.0000001766468759 
1202 -0.0000000419066385 
1203 0.0000001146024868 
1204 0.0000001051398021 
1205 0.0000002231405667 
1206 0.0000003448122223 
1207 0.0000001079483407 
1208 0.0000001636261785 
1209 0.0000000900441234 
1210 0.0000002998703421 
1211 0.0000000136848703 
1212 0.0000000613979322 
1213 0.0000001404362937 
1214 0.0000001270454628 
1215 0.0000002551036355 
1216 0.0000000432381064 
1217 0.0000002021739132 
1218 0.0000001909434156 
1219 0.0000003030488764 
1220 0.0000001167417105 
1221 0.0000002235571975 
1222 0.0000003209658627 
1223 0.0000002256524516 
1224 0.0000002907484578 
1225 0.0000000349253060 
1226 0.0000001093476437 
1227 0.0000000923014983 
1228 0.0000002177289892 
1229 0.0000000043215110 
1230 0.0000001628683808 
1231 0.0000002716757050 
1232 0.0000002666825127 
1233 0.0000002626468344 
1234 0.0000001955178474 
1235 0.0000002992730471 
1236 0.0000002118485896 
1237 0.0000001076275551 
1238 0.0000001609981592 
1239 0.0000001887258962 
1240 0.0000002460000034 
1241 0.0000000303870235 
1242 0.0000001335283598 
1243 0.0000000741870122 
1244 0.0000002055962232 
1245 0.0000000465294371 
1246 0.0000001290443021 
1247 0.0000000911340508 
1248 0.0000002264482766 
1249 0.0000002922000536 
1250 0.0000001052123949 
1251 0.0000001379647164 
1252 0.0000001476860187 
1253 0.0000002492385064 
1254 0.0000000210479297 
1255 0.0000001144290080 
1256 0.0000002270275182 
1257 0.0000002353085607 
1258 0.0000003733705057 
1259 0.0000001600614017 
1260 0.0000003063276192 
1261 0.0000002714234307 
1262 0.0000003490735894 
1263 0.0000001177525784 
1264 0.0000001692193222 
1265 0.0000002011685672 
1266 0.0000002689284350 
1267 0.0000001894139873 
1268 0.0000000775690422 
1269 0.0000002271568974 
1270 0.0000001570860282 
1271 0.0000001611308615 
1272 0.0000001158388963 
1273 0.0000002553910972 
1274 0.0000003967415255 
1275 0.0000001780359317 
1276 0.0000002507046627 
1277 0.0000001933001087 
1278 0.0000002400314142 
1279 -0.0000000305376948 
1280 0.0000000926504460 
1281 0.0000000093570158 
1282 0.0000000730232231 
1283 0.0000001602588439 
1284 -0.0000000311345421 
1285 0.0000000907200675 
1286 0.0000001044264776 
1287 0.0000002442453625 
1288 0.0000000291874478 
1289 0.0000001703621567 
1290 0.0000003060011207 
1291 0.0000002531557323 
1292 0.0000003653250268 
1293 0.0000001615488650 
1294 0.0000002933612228 
1295 0.0000002202090580 
1296 0.0000002360102449 
1297 0.0000000386421126 
1298 0.0000001604529316 
1299 0.0000002993318727 
1300 0.0000002723833362 
1301 0.0000003735548325 
1302 0.0000001815440994 
1303 0.0000002883338127 
1304 0.0000002726336764 
1305 0.0000003092058439 
1306 0.0000000959813244 
1307 0.0000001057575356 
1308 0.0000003345007757 
1309 0.0000001821369452 
1310 0.0000000618769707 
1311 0.0000000293099842 
1312 0.0000000804265611 
1313 0.0000000324094424 
1314 0.0000000600753496 
1315 0.0000000402239049 
1316 0.0000001476840906 
1317 0.0000002592678139 
1318 0.0000001325838528 
1319 0.0000002405028959 
1320 0.0000001618321442 
1321 0.0000003098500234 
1322 0.0000001441668512 
1323 0.0000001376781278 
1324 0.0000002268437828 
1325 0.0000001693160577 
1326 0.0000002591952530 
1327 0.0000000753322010 
1328 0.0000002098629760 
1329 0.0000001820463394 
1330 0.0000002860077388 
1331 0.0000001006232013 
1332 0.0000002180540437 
1333 0.0000002767936065 
1334 0.0000002133648060 
1335 0.0000002623201465 
1336 0.0000001813813495 
1337 0.0000002051136818 
1338 0.0000001508562965 
1339 0.0000002531872698 
1340 0.0000000910400102 
1341 0.0000001970286738 
1342 0.0000002693088379 
1343 0.0000002444611155 
1344 0.0000002378865230 
1345 0.0000001861786237 
1346 0.0000002643560519 
1347 0.0000002302114325 
1348 0.0000001395671295 
1349 0.0000000482520339 
1350 0.0000000121015752 
1351 0.0000002657716672 
1352 0.0000000306458235 
1353 0.0000000778348952 
1354 0.0000000459680665 
1355 0.0000001697275650 
1356 0.0000000281511331 
1357 0.0000000943528029 
1358 0.0000001261974990 
1359 0.0000001795800110 
1360 0.0000003104017807 
1361 0.0000001573384001 
1362 0.0000001935371632 
1363 0.0000001172916675 
1364 0.0000001633440116 
1365 0.0000000300011987 
1366 0.0000000712280450 
1367 0.0000001641589390 
1368 0.0000001263303666 
1369 0.0000001925180799 
1370 0.0000000610627933 
1371 0.0000001455677324 
1372 0.0000001443871729 
1373 0.0000002327193456 
1374 0.0000001089321314 
1375 0.0000001866559688 
1376 0.0000002834816774 
1377 0.0000002170069190 
1378 0.0000002816733663 
1379 0.0000000566738171 
1380 0.0000001344869047 
1381 0.0000000943191864 
1382 0.0000001710352072 
1383 0.0000000034599715 
1384 0.0000001244950723 
1385 0.0000002325840044 
1386 0.0000002049911358 
1387 0.0000002170110076 
1388 0.0000001459218976 
1389 0.0000002266369237 
1390 0.0000002172390270 
1391 0.0000001142367205 
1392 0.0000000333548096 
1393 0.0000001499297582 
1394 0.0000002220725409 
1395 0.0000000079011676 
1396 0.0000001000057201 
1397 0.0000000777043750 
1398 0.0000001759734681 
1399 0.0000000337499640 
1400 0.0000001244429420 
1401 0.0000002658174861 
1402 0.0000002160411445 
1403 0.0000003293350314 
1404 0.0000001254623631 
1405 0.0000001970771014 
1406 0.0000001235613968 
1407 0.0000001995602968 
1408 0.0000000044702823 
1409 0.0000000713693308 
1410 0.0000000988775845 
1411 0.0000000836456091 
1412 0.0000001415404727 
1413 0.0000000308085955 
1414 0.0000001057500766 
1415 0.0000001246258104 
1416 0.0000002033318108 
1417 0.0000001001434852 
1418 0.0000001693899606 
1419 0.0000002289658436 
1420 0.0000001563776773 
1421 0.0000000675578862 
1422 0.0000000188415618 
1423 0.0000001261757626 
1424 0.0000000882823659 
1425 0.0000000807277487 
1426 0.0000000406670611 
1427 0.0000001436813936 
1428 0.0000002673359846 
1429 0.0000001103895190 
1430 0.0000002060731007 
1431 0.0000001935555622 
1432 0.0000002484549494 
1433 0.0000000695595708 
1434 0.0000000709209023 
1435 0.0000001897607014 
1436 0.0000001248895960 
1437 0.0000001711721207 
1438 -0.0000000321708133 
1439 0.0000001077634995 
1440 0.0000000513970021 
1441 0.0000001532288066 
1442 -0.0000000070948503 
1443 0.0000001037541015 
1444 0.0000001846462310 
1445 0.0000001728782215 
1446 0.0000002441728809 
1447 0.0000000974234127 
1448 0.0000001467863217 
1449 0.0000000911699484 
1450 0.0000001063273738 
1451 -0.0000000492132426 
1452 0.0000000387349524 
1453 0.0000000691106845 
1454 0.0000000984881683 
1455 0.0000001238446019 
1456 0.0000000229555326 
1457 0.0000001504413119 
1458 0.0000001456742115 
1459 0.0000002440806155 
1460 0.0000000850481360 
1461 0.0000002020417393 
1462 0.0000002344644137 
1463 0.0000001793547171 
1464 0.0000000933635638 
1465 0.0000000927542324 
1466 0.0000001149837960 
1467 0.0000000975170658 
1468 0.0000000374312435 
1469 0.0000000510205772 
1470 0.0000001353777890 
1471 0.0000002279987301 
1472 0.0000000875730993 
1473 0.0000001284494791 
1474 0.0000001093331587 
1475 0.0000001465651054 
1476 -0.0000000011337656 
1477 0.0000000210117349 
1478 0.0000000909474721 
1479 0.0000000866271551 
1480 0.0000001244309240 
1481 0.0000000227235553 
1482 0.0000001363194980 
1483 0.0000001047853414 
1484 0.0000002233466535 
1485 0.0000000719811600 
1486 0.0000001247441617 
1487 0.0000002596524230 
1488 0.0000001759166945 
1489 0.0000002284067481 
1490 -0.0000000028600896 
1491 0.0000001946297045 
1492 0.0000001028861323 
1493 0.0000001364154090 
1494 -0.0000000055240174 
1495 0.0000000319853727 
1496 0.0000001270319272 
1497 0.0000000981073448 
1498 0.0000000617345514 
1499 0.0000000748398394 
1500 0.0000001347528770 
1501 0.0000001196020697 
1502 0.0000000863377942 
1503 0.0000000919184707 
1504 0.0000001337059268 
1505 0.0000002090700509 
1506 0.0000000173655751 
1507 0.0000000924203347 
1508 0.0000000143959328 
1509 0.0000001383224465 
1510 -0.0000000152269737 
1511 0.0000000280032468 
1512 0.0000001462303509 
1513 0.0000000984704148 
1514 0.0000001801894497 
1515 0.0000000312105134 
1516 0.0000001258298374 
1517 0.0000001038867812 
1518 0.0000001416706694 
1519 0.0000001174557728 
1520 0.0000000883384749 
1521 0.0000001114233440 
1522 0.0000000650092072 
1523 0.0000000658216718 
1524 -0.0000000078240270 
1525 0.0000000204187870 
1526 0.0000000288817885 
1527 0.0000000747188175 
1528 -0.0000000233266270 
1529 0.0000000303343581 
1530 0.0000001140664152 
1531 0.0000001062424473 
1532 0.0000001236622043 
1533 0.0000001043197767 
1534 0.0000001054268274 
1535 0.0000000649940193 
1536 0.0000000998542465 
1537 -0.0000000307791610 
1538 0.0000000283618856 
1539 0.0000000961119913 
1540 0.0000001105233760 
1541 0.0000000692612375 
1542 0.0000000892084033 
1543 0.0000001084421137 
1544 0.0000001246526080 
1545 0.0000000759338417 
1546 0.0000000792020732 
1547 0.0000001321726467 
1548 0.0000001729646434 
1549 0.0000000204962440 
1550 0.0000000897404739 
1551 0.0000000804230234 
1552 0.0000001095105060 
1553 0.0000000555593730 
1554 0.0000000951577227 
1555 0.0000001664835048 
1556 0.0000001481184611 
1557 0.0000002166760008 
1558 0.0000001315454704 
1559 0.0000001289618311 
1560 0.0000000875406397 
1561 0.0000001839291471 
1562 -0.0000000012633666 
1563 0.0000000662551783 
1564 0.0000000267156802 
1565 0.0000000567993375 
1566 0.0000000947772718 
1567 0.0000000193244699 
1568 0.0000000667523034 
1569 0.0000000561481525 
1570 0.0000001642357950 
1571 0.0000000313057410 
1572 0.0000001321220690 
1573 0.0000001665970232 
1574 0.0000001326746257 
1575 0.0000000283074593 
1576 0.0000000302706072 
1577 0.0000000769291472 
1578 0.0000000470520903 
1579 0.0000000578356127 
1580 0.0000000476705470 
1581 0.0000000741656130 
1582 0.0000001353334892 
1583 0.0000001099861742 
1584 0.0000001153628609 
1585 0.0000000898974301 
1586 0.0000001508463239 
1587 0.0000000578467494 
1588 0.0000000473817116 
1589 0.0000000579196364 
1590 0.0000000875422465 
1591 0.0000000747352760 
1592 -0.0000000420068776 
1593 0.0000000334467204 
1594 0.0000000011892308 
1595 0.0000000381596538 
1596 -0.0000000363221940 
1597 0.0000000143047092 
1598 0.0000000689822137 
1599 0.0000000662655176 
1600 0.0000001235324617 
1601 0.0000000005417318 
1602 0.0000000531071815 
1603 -0.0000000185997032 
1604 0.0000001412523869 
1605 0.0000000540384699 
1606 0.0000000160026877 
1607 0.0000000849793502 
1608 0.0000000207882955 
1609 0.0000000600952776 
1610 0.0000000223423006 
1611 0.0000000250033599 
1612 0.0000000663519359 
1613 0.0000000850656425 
1614 0.0000000198308782 
1615 0.0000001073660538 
1616 0.0000001671658624 
1617 0.0000000783384407 
1618 0.0000000776285992 
1619 0.0000000441620893 
1620 0.0000000954920570 
1621 0.0000001107618885 
1622 0.0000000883330853 
1623 0.0000000861806231 
1624 0.0000001622883127 
1625 0.0000001958348709 
1626 0.0000001256125035 
1627 0.0000001288408454 
1628 0.0000000847251623 
1629 0.0000001108981581 
1630 0.0000000269781774 
1631 0.0000000102203018 
1632 0.0000000590745530 
1633 -0.0000000068141035 
1634 0.0000001090453390 
1635 0.0000000475016826 
1636 0.0000000454590696 
1637 0.0000000418073156 
1638 0.0000000946544271 
1639 0.0000000236987380 
1640 0.0000000658800060 
1641 0.0000001005190359 
1642 0.0000001261548411 
1643 0.0000001413353599 
1644 0.0000000850128138 
1645 0.0000000749622919 
1646 -0.0000000094507584 
1647 0.0000000091712756 
1648 0.0000000102117291 
1649 0.0000000518768216 
1650 0.0000000731724377 
1651 0.0000000727180656 
1652 0.0000000491421565 
1653 0.0000000606867734 
1654 0.0000001059983061 
1655 0.0000001241274750 
1656 0.0000001137386246 
1657 0.0000000735050835 
1658 0.0000000617138118 
1659 0.0000000770561177 
1660 0.0000000586276594 
1661 0.0000000647423842 
1662 0.0000000345139543 
1663 0.0000000262743277 
1664 -0.0000000208448148 
1665 0.0000000111111566 
1666 0.0000000016873114 
1667 0.0000000092516768 
1668 0.0000000325766613 
1669 -0.0000000487655858 
1670 0.0000000024339879 
1671 0.0000000061609585 
1672 0.0000000208285228 
1673 -0.0000000143503670 
1674 0.0000000186602240 
1675 -0.0000000005132956 
1676 -0.0000000134215280 
1677 0.0000000383939843 
1678 -0.0000000250178175 
1679 0.0000000336335869 
1680 0.0000000344152745 
1681 0.0000000954266191 
1682 0.0000000367528467 
1683 0.0000000957207766 
1684 0.0000001520384429 
1685 0.0000000854229657 
1686 0.0000001332284235 
1687 0.0000000559808295 
1688 0.0000000314478064 
1689 -0.0000000010125030 
1690 0.0000000171764365 
1691 -0.0000000342136691 
1692 0.0000000226212188 
1693 0.0000000674710271 
1694 0.0000000397394418 
1695 0.0000000576532015 
1696 0.0000000606342309 
1697 0.0000001073228683 
1698 0.0000000775546440 
1699 0.0000000895927978 
1700 0.0000000828957671 
1701 0.0000001161404145 
1702 0.0000000691988061 
1703 0.0000000007660838 
1704 0.0000000291511777 
1705 0.0000000342535854 
1706 0.0000000747958884 
1707 0.0000000306958851 
1708 0.0000000202991081 
1709 0.0000000427509576 
1710 0.0000000376013485 
1711 0.0000000636186481 
1712 0.0000000603710989 
1713 0.0000000866454001 
1714 0.0000000820281317 
1715 0.0000000457196908 
1716 -0.0000000230703509 
1717 0.0000000536906903 
1718 0.0000000368121638 
1719 0.0000000447404699 
1720 0.0000000767219037 
1721 0.0000000724073020 
1722 0.0000000906659802 
1723 0.0000001307717997 
1724 0.0000001324031709 
1725 0.0000000948523440 
1726 0.0000000770254119 
1727 0.0000000782330227 
1728 0.0000000381903812 
1729 -0.0000000437734587 
1730 0.0000000104936967 
1731 -0.0000000380792636 
1732 -0.0000000113217277 
1733 -0.0000000886817402 
1734 -0.0000000323656182 
1735 -0.0000000814076215 
1736 -0.0000000576002788 
1737 -0.0000000807501228 
1738 -0.0000000322358861 
1739 -0.0000000318456571 
1740 -0.0000000205443651 
1741 0.0000000011076426 
1742 0.0000000921638919 
1743 0.0000001328732039 
1744 0.0000000630982766 
1745 0.0000000611296206 
1746 0.0000000072437568 
1747 0.0000000201450222 
1748 -0.0000000198715874 
1749 0.0000000059167422 
1750 -0.0000000221765126 
1751 -0.0000000450146990 
1752 -0.0000000034519200 
1753 0.0000000424576769 
1754 0.0000000326691909 
1755 0.0000000263562586 
1756 0.0000000827017661 
1757 0.0000000820839157 
1758 -0.0000000355051940 
1759 -0.0000000320409870 
1760 -0.0000000271175020 
1761 0.0000000384944120 
1762 0.0000000452192285 
1763 0.0000000523046128 
1764 0.0000000594028441 
1765 0.0000000661754619 
1766 0.0000000722932662 
1767 0.0000000774363187 
1768 0.0000000812939444 
1769 0.0000000835647317 
1770 0.0000000839565339 
1771 0.0000000821864700 
1772 0.0000000183762802 
1773 0.0000000114709069 
1774 0.0000000016106259 
1775 -0.0000000114503732 
1776 -0.0000000279486313 
1777 0.0000000114932260 
1778 -0.0000000125520903 
1779 0.0000000189159817 
1780 -0.0000000135113033 
1781 0.0000000091851620 
1782 0.0000000272198238 
1783 -0.0000000191835975 
1784 -0.0000000109781727 
1785 -0.0000000079216317 
1786 0.0000000494468606 
1787 -0.0000000178211639 
1788 -0.0000000310370279 
1789 -0.0000000499213570 
1790 -0.0000000745808542 
1791 -0.0000000455083007 
1792 -0.0000000820011342 
1793 -0.0000000649289352 
1794 -0.0000000539659404 
1795 -0.0000000491724629 
1796 -0.0000000505995376 
1797 0.0000000013157246 
1798 -0.0000000126684429 
1799 0.0000000266340516 
1801 0.0000000266340521 
1802 -0.0000000126684422 
1803 0.0000000013157256 
1804 -0.0000000505995361 
1805 -0.0000000491724611 
1806 -0.0000000539659382 
1807 -0.0000000649289327 
1808 -0.0000000820011313 
1809 -0.0000000455082975 
1810 -0.0000000745808506 
1811 -0.0000000499213531 
1812 -0.0000000310370236 
1813 -0.0000000178211592 
1814 0.0000000494468656 
1815 -0.0000000079216262 
1816 -0.0000000109781668 
1817 -0.0000000191835913 
1818 0.0000000272198303 
1819 0.0000000091851688 
1820 -0.0000000135112961 
1821 -0.0000000406886556 
1822 -0.0000000125520823 
1823 0.0000000114932344 
1824 -0.0000000279486225 
1825 -0.0000000114503642 
1826 0.0000000016106353 
1827 0.0000000114709167 
1828 0.0000000183762904 
1829 0.0000000821864804 
1830 0.0000000243519001 
1831 0.0000000835647429 
1832 0.0000000812939560 
1833 0.0000000774363307 
1834 0.0000000722932785 
1835 0.0000000661754745 
1836 0.0000000594028572 
1837 -0.0000000073000187 
1838 -0.0000000143854025 
1839 -0.0000000211102187 
1840 -0.0000000271174876 
1841 -0.0000000320409722 
1842 -0.0000000355051788 
1843 0.0000000224792864 
1844 0.0000000230971373 
1845 0.0000000263562749 
1846 0.0000000326692075 
1847 -0.0000000171469509 
1848 -0.0000000034519027 
1849 -0.0000000450146812 
1850 -0.0000000221764945 
1851 -0.0000000536878840 
1852 -0.0000000198715686 
1853 -0.0000000394596034 
1854 0.0000000072437764 
1855 0.0000000015249957 
1856 0.0000000630982969 
1857 0.0000000732685796 
1858 0.0000000325592681 
1859 0.0000000011076640 
1860 -0.0000000205443433 
1861 -0.0000000318456350 
1862 -0.0000000918405084 
1863 -0.0000000807500999 
1864 -0.0000001172049003 
1865 -0.0000000814075980 
1866 -0.0000000919702391 
1867 -0.0000000886817160 
1868 -0.0000000709263479 
1869 -0.0000000380792388 
1870 0.0000000104937220 
1871 -0.0000000437734332 
1872 0.0000000381904073 
1873 0.0000000186284044 
1874 0.0000000174207939 
1875 0.0000000948523711 
1876 0.0000000727985535 
1877 0.0000000711671827 
1878 0.0000000310613635 
1879 0.0000000724073306 
1880 0.0000000171172877 
1881 -0.0000000148641457 
1882 -0.0000000227924515 
1883 -0.0000000059139246 
1884 -0.0000000230703205 
1885 -0.0000000138849232 
1886 0.0000000224235179 
1887 0.0000000270407867 
1888 0.0000000603711307 
1889 0.0000000040140354 
1890 -0.0000000220032638 
1891 0.0000000427509903 
1892 0.0000000202991413 
1893 0.0000000306959186 
1894 0.0000000151912775 
1895 0.0000000342536197 
1896 -0.0000000304534324 
1897 0.0000000007661187 
1898 -0.0000000500104480 
1899 -0.0000000030688394 
1900 0.0000000828958032 
1901 0.0000000299881895 
1902 0.0000000775546808 
1903 0.0000000477182606 
1904 0.0000000606342683 
1905 0.0000000576532394 
1906 -0.0000000198651647 
1907 0.0000000078664210 
1908 -0.0000000369833870 
1909 -0.0000000342136298 
1910 -0.0000000424281686 
1911 -0.0000000606171078 
1912 -0.0000000281567981 
1913 0.0000000559808702 
1914 0.0000000736238197 
1915 0.0000000258183623 
1916 0.0000000328291950 
1917 -0.0000000234884708 
1918 0.0000000367528892 
1919 -0.0000000237826276 
1920 -0.0000000251893270 
1921 -0.0000000259710143 
1922 -0.0000000250177736 
1923 -0.0000000212106162 
1924 -0.0000000730261283 
1925 -0.0000000601178956 
1926 -0.0000000409443754 
1927 -0.0000000143503215 
1928 -0.0000000983807208 
1929 -0.0000000534436400 
1930 0.0000000024340348 
1931 -0.0000000487655387 
1932 -0.0000000270279360 
1933 -0.0000000503529202 
1934 0.0000000016873595 
1935 -0.0000000484934398 
1936 -0.0000000208447661 
1937 -0.0000000333302679 
1938 0.0000000345140037 
1939 0.0000000051377894 
1940 0.0000000586277095 
1941 -0.0000000421531212 
1942 0.0000000021092180 
1943 0.0000000735051348 
1944 0.0000000541340315 
1945 0.0000000645228821 
1946 0.0000000463937136 
1947 0.0000000606868260 
1948 0.0000000491422094 
1949 0.0000000131134741 
1950 0.0000000135678466 
1951 -0.0000000673324140 
1952 0.0000000102117836 
1953 -0.0000000504333143 
1954 -0.0000000690553479 
1955 0.0000000153577027 
1956 0.0000000850128696 
1957 0.0000000221261265 
1958 0.0000000069456081 
1959 0.0000000409144478 
1960 0.0000000658800633 
1961 0.0000000236987954 
1962 -0.0000000245548045 
1963 -0.0000000177972708 
1964 -0.0000000141455165 
1965 -0.0000000121029030 
1966 -0.0000000101638913 
1967 -0.0000000664186885 
1968 -0.0000000005300317 
1969 -0.0000000493842826 
1970 0.0000000269782379 
1971 -0.0000000083110704 
1972 0.0000000847252235 
1973 0.0000000692362624 
1974 0.0000000660079207 
1975 0.0000000766256437 
1976 0.0000000430790859 
1977 0.0000000861806861 
1978 0.0000000287285040 
1979 0.0000000511573076 
1980 -0.0000000237171685 
1981 0.0000000441621537 
1982 0.0000000180240193 
1983 -0.0000000408707838 
1984 0.0000000479566384 
1985 -0.0000000118431700 
1986 0.0000000198309443 
1987 -0.0000000341435804 
1988 0.0000000067473582 
1989 -0.0000000942058623 
1990 0.0000000223423683 
1991 -0.0000000591139440 
1992 -0.0000000984209259 
1993 -0.0000000342298707 
1994 -0.0000001032065330 
1995 0.0000000540385392 
1996 0.0000000220431668 
1997 -0.0000000782042778 
1998 -0.0000000661020377 
1999 -0.0000000590628422 
2000 0.0000000043232431 
2001 -0.0000000529437004 
2002 -0.0000000502270041 
2003 -0.0000000452998636 
2004 -0.0000000363221219 
2005 -0.0000000810495631 
2006 -0.0000000584153411 
2007 -0.0000000261578512 
2008 -0.0000001016114486 
2009 -0.0000000444739395 
2010 -0.0000000316669685 
2011 -0.0000000016849335 
2012 -0.0000000122228582 
2013 0.0000000578468248 
2014 0.0000000316371100 
2015 0.0000000898975060 
2016 0.0000000557582926 
2017 -0.0000000092230388 
2018 0.0000000161242768 
2019 -0.0000000450435993 
2020 0.0000000476706248 
2021 -0.0000000017689541 
2022 -0.0000000125524759 
2023 -0.0000000422800636 
2024 0.0000000302706864 
2025 0.0000000283075386 
2026 0.0000000134654158 
2027 -0.0000000122168311 
2028 -0.0000000466917851 
2029 0.0000000313058218 
2030 -0.0000000145780584 
2031 -0.0000000034564108 
2032 -0.0000000524569044 
2033 -0.0000000402800925 
2034 -0.0000000244319353 
2035 -0.0000001220145139 
2036 -0.0000000924935262 
2037 -0.0000000529540279 
2038 -0.0000000012632829 
2039 0.0000000051152967 
2040 -0.0000000316685653 
2041 0.0000000693572709 
2042 0.0000000123362659 
2043 0.0000000974667966 
2044 0.0000000289092574 
2045 0.0000001068789461 
2046 0.0000000355531645 
2047 0.0000000555594597 
2048 -0.0000000096986965 
2049 0.0000000804231108 
2050 0.0000000301359169 
2051 -0.0000000391083128 
2052 -0.0000000058492028 
2053 0.0000000129634460 
2054 0.0000000792021623 
2055 -0.0000000432753583 
2056 0.0000000054434082 
2057 -0.0000000107670856 
2058 0.0000000892084937 
2059 0.0000000096566835 
2060 -0.0000000682904674 
2061 -0.0000000230972069 
2062 -0.0000000908473125 
2063 -0.0000000307790691 
2064 -0.0000000789595956 
2065 0.0000000053894672 
2066 -0.0000000733870141 
2067 0.0000001043198700 
2068 -0.0000000551516363 
2069 -0.0000000725713931 
2070 -0.0000000647474249 
2071 -0.0000001484794816 
2072 -0.0000000233265320 
2073 -0.0000001040950218 
2074 -0.0000000903274056 
2075 -0.0000001583950516 
2076 -0.0000001270332203 
2077 -0.0000001129921663 
2078 -0.0000001138046301 
2079 -0.0000000673904932 
2080 0.0000000287339278 
2081 0.0000001174558706 
2082 -0.0000000371431671 
2083 -0.0000000153224099 
2084 0.0000000066206465 
2085 -0.0000000283940322 
2086 0.0000000013756145 
2087 -0.0000000803434198 
2088 0.0000000270211612 
2089 -0.0000000316012974 
2090 -0.0000000152268730 
2091 -0.0000001000960314 
2092 0.0000000143960340 
2093 -0.0000000267888532 
2094 -0.0000000422389678 
2095 0.0000000302562188 
2096 -0.0000000451079052 
2097 0.0000000919185734 
2098 0.0000000267332527 
2099 0.0000000003928836 
2100 -0.0000000440609533 
2101 0.0000000748399436 
2102 0.0000000021300112 
2103 -0.0000001403111296 
2104 -0.0000001113865469 
2105 -0.0000001468284563 
2106 -0.0000000055239117 
2107 -0.0000001020030643 
2108 -0.0000000163230510 
2109 0.0000000158158765 
2110 -0.0000000624646275 
2111 -0.0000000100117240 
2112 -0.0000000028971323 
2113 0.0000000212339519 
2114 0.0000000651396250 
2115 0.0000000719812685 
2116 -0.0000000150718168 
2117 -0.0000000144238391 
2118 0.0000000171103176 
2119 -0.0000000368809797 
2120 -0.0000000543829005 
2121 -0.0000000921866689 
2122 0.0000000313429377 
2123 -0.0000000981974437 
2124 -0.0000000011336544 
2125 -0.0000000322487171 
2126 0.0000001093332705 
2127 0.0000000092403017 
2128 -0.0000000316360778 
2129 -0.0000000104197364 
2130 -0.0000000434360322 
2131 0.0000000510206903 
2132 -0.0000000221732875 
2133 -0.0000000216921100 
2134 -0.0000001234346686 
2135 0.0000000927543470 
2136 0.0000000337590342 
2137 0.0000000005408980 
2138 0.0000000556505950 
2139 -0.0000000363767239 
2140 0.0000000850482521 
2141 0.0000000056621529 
2142 0.0000000264650384 
2143 -0.0000000879771502 
2144 -0.0000001558582847 
2145 -0.0000000549692145 
2146 -0.0000001399302930 
2147 -0.0000001097031314 
2148 -0.0000001996835083 
2149 -0.0000000492131238 
2150 -0.0000000724864415 
2151 -0.0000000280392218 
2152 -0.0000000320274932 
2153 -0.0000000217857569 
2154 0.0000000653590666 
2155 -0.0000000059355922 
2156 0.0000000058324172 
2157 -0.0000000154550669 
2158 -0.0000000070947286 
2159 -0.0000000851896508 
2160 -0.0000000678121653 
2161 -0.0000000114456677 
2162 -0.0000000917753354 
2163 -0.0000000672463357 
2164 -0.0000001135288600 
2165 0.0000000705515351 
2166 -0.0000000482882635 
2167 0.0000000695596946 
2168 0.0000000100364946 
2169 0.0000001935556866 
2170 0.0000000868639364 
2171 -0.0000000088196453 
2172 0.0000000289175310 
2173 -0.0000000947370598 
2174 0.0000000406671868 
2175 -0.0000000384814145 
2176 -0.0000000309267973 
2177 -0.0000001122426896 
2178 0.0000000188416888 
2179 -0.0000000516512758 
2180 -0.0000000224361293 
2181 -0.0000000094526071 
2182 -0.0000000690284900 
2183 0.0000001001436141 
2184 -0.0000000350866393 
2185 0.0000000054166501 
2186 -0.0000001326683730 
2187 -0.0000000884005646 
2188 -0.0000000968779763 
2189 -0.0000001547728399 
2190 -0.0000001395408640 
2191 -0.0000000478398278 
2192 0.0000000044704138 
2193 -0.0000000388581507 
2194 0.0000000043522393 
2195 0.0000000778679440 
2196 0.0000000062532058 
2197 0.0000000909165849 
2198 -0.0000000223773017 
2199 0.0000000870036847 
2200 0.0000000052337858 
2201 0.0000000337500975 
2202 -0.0000000624449770 
2203 0.0000000777045096 
2204 -0.0000000192034348 
2205 -0.0000001113079868 
2206 -0.0000000163459031 
2207 -0.0000000884886856 
2208 0.0000000333549453 
2209 -0.0000000049724331 
2210 0.0000000980298734 
2211 -0.0000000117815190 
2212 0.0000001459220340 
2213 0.0000000381972103 
2214 -0.0000000334273061 
2215 -0.0000000058344368 
2216 -0.0000001139233691 
2217 0.0000000034601096 
2218 -0.0000000673832335 
2219 -0.0000000844946096 
2220 -0.0000001039315354 
2221 -0.0000001817446231 
2222 -0.0000000163497181 
2223 -0.0000000214115207 
2224 0.0000000450632381 
2225 -0.0000000517624703 
2226 0.0000001089322723 
2227 -0.0000000056990928 
2228 0.0000000251780248 
2229 -0.0000000928507053 
2230 -0.0000000581463547 
2231 -0.0000000459003573 
2232 -0.0000001716927155 
2233 -0.0000001338641425 
2234 -0.0000000479811022 
2235 0.0000000300013416 
2236 -0.0000001346790693 
2237 -0.0000000019174783 
2238 0.0000000743280173 
2239 0.0000000381292549 
2240 0.0000000719833458 
2241 -0.0000000588384236 
2242 0.0000001261976438 
2243 -0.0000000248563417 
2244 0.0000000281512781 
2245 -0.0000001282955133 
2246 0.0000000459682120 
2247 -0.0000000413742484 
2248 -0.0000000885633193 
2249 -0.0000000322514101 
2250 -0.0000000475029224 
2251 0.0000000482521810 
2252 0.0000000203579873 
2253 0.0000001110022906 
2254 0.0000000259376207 
2255 -0.0000000522398075 
2256 0.0000001186773819 
2257 0.0000000060426847 
2258 0.0000000308904077 
2259 -0.0000001009944012 
2260 0.0000000910401596 
2261 -0.0000000448358043 
2262 0.0000000316471568 
2263 -0.0000000333047471 
2264 0.0000000621722103 
2265 -0.0000000357029266 
2266 -0.0000000846582672 
2267 0.0000000383751786 
2268 0.0000000988449053 
2269 0.0000001006233530 
2270 -0.0000000120153335 
2271 0.0000000628372021 
2272 0.0000000906538389 
2273 -0.0000000438769355 
2274 0.0000000207768268 
2275 -0.0000000691023679 
2276 0.0000001076346466 
2277 0.0000000184689914 
2278 0.0000001441670051 
2279 0.0000000118269533 
2280 0.0000001618322987 
2281 0.0000001212937607 
2282 -0.0000000462299263 
2283 0.0000000208493899 
2284 -0.0000001503389776 
2285 0.0000000402240604 
2286 -0.0000001187384286 
2287 -0.0000000867996912 
2288 -0.0000002175965065 
2289 0.0000000293101408 
2290 -0.0000000573321621 
2291 -0.0000001158861219 
2292 0.0000000364777092 
2293 -0.0000001326608857 
2294 -0.0000002020417421 
2295 0.0000001899967127 
2296 0.0000000938199000 
2297 0.0000000499153924 
2298 -0.0000000568743214 
2299 -0.0000000436775217 
2300 0.0000000935695607 
2301 0.0000000013088085 
2302 -0.0000001375701331 
2303 -0.0000000805670167 
2304 0.0000001168011151 
2305 0.0000000413952836 
2306 -0.0000000046618409 
2307 -0.0000000172649089 
2308 -0.0000000519073253 
2309 0.0000001339466035 
2310 0.0000000079780585 
2311 0.0000000511530285 
2312 -0.0000000900216794 
2313 0.0000000654315899 
2314 -0.0000000743872941 
2315 -0.0000000284890599 
2316 -0.0000001503436692 
2317 -0.0000002569735066 
2318 -0.0000000461859031 
2319 0.0000000093571794 
2320 -0.0000000265586798 
2321 -0.0000001497468204 
2322 0.0000001208222887 
2323 0.0000001933002738 
2324 0.0000001314955377 
2325 0.0000000588268075 
2326 -0.0000000800954677 
2327 0.0000002553912624 
2328 0.0000001158390617 
2329 -0.0000000176829071 
2330 -0.0000001409370297 
2331 0.0000002271570638 
2332 0.0000000775692085 
2333 0.0000000106002195 
2334 -0.0000000290946222 
2335 -0.0000002756684240 
2336 0.0000001692194894 
2337 0.0000001177527458 
2338 0.0000000510505331 
2339 -0.0000000265996253 
2340 0.0000003063277872 
2341 0.0000001600615700 
2342 0.0000000753474507 
2343 -0.0000000627144942 
2344 -0.0000001902048259 
2345 0.0000001144291775 
2346 0.0000000210480994 
2347 -0.0000000487845480 
2348 -0.0000001503370354 
2349 -0.0000003388722718 
2350 0.0000001052125651 
2351 -0.0000000058230000 
2352 -0.0000000715747763 
2353 -0.0000002068890020 
2354 0.0000001290444736 
2355 0.0000000465296086 
2356 -0.0000000924268290 
2357 -0.0000002238360397 
2358 -0.0000003433086263 
2359 0.0000000303871958 
2360 -0.0000000520230479 
2361 -0.0000001092971549 
2362 -0.0000001966295368 
2363 0.0000001076277283 
2364 0.0000000330348279 
2365 0.0000000012499969 
2366 -0.0000001025052034 
2367 -0.0000002141901497 
2368 0.0000000878687526 
2369 -0.0000000263473444 
2370 -0.0000001351546685 
2371 -0.0000002937015381 
2372 0.0000000389152298 
2373 -0.0000000865122608 
2374 -0.0000001886754049 
2375 -0.0000002630977431 
2376 -0.0000001860885247 
2377 0.0000000468386925 
2378 -0.0000000366618299 
2379 -0.0000001340704956 
2380 -0.0000000620720473 
2381 0.0000001242351181 
2382 0.0000000121296582 
2383 -0.0000001554537784 
2384 -0.0000001355756506 
2385 -0.0000002217333451 
2386 -0.0000000517682945 
2387 -0.0000001575867519 
2388 -0.0000000578111797 
2389 -0.0000001651288853 
2390 0.0000001210565859 
2391 -0.0000000887696320 
2392 0.0000000444170670 
2393 -0.0000000708654146 
2394 -0.0000001320247575 
2395 0.0000000443268118 
2396 0.0000001051399808 
2397 -0.0000000642112685 
2398 -0.0000002207203925 
2399 -0.0000000021668788 
2400 0.0000000298024644 
2401 -0.0000000904080766 
2402 -0.0000001793779572 
2403 -0.0000002622982703 
2404 0.0000002018886341 
2405 -0.0000000338943458 
2406 -0.0000000411501890 
2407 -0.0000001132725258 
2408 0.0000002908145960 
2409 0.0000001922732279 
2410 0.0000000427814232 
2411 -0.0000000636061209 
2412 -0.0000002116441429 
2413 0.0000001397658742 
2414 -0.0000000179938496 
2415 -0.0000001438158687 
2416 -0.0000002628324272 
2417 0.0000001064681446 
2418 0.0000000448927742 
2419 -0.0000000852473481 
2420 -0.0000001004505815 
2421 -0.0000001748387831 
2422 0.0000002327262832 
2423 0.0000001136664318 
2424 -0.0000000206737537 
2425 -0.0000001357825345 
2426 -0.0000002865508400 
2427 0.0000000681811329 
2428 -0.0000000801433066 
2429 -0.0000002201581518 
2430 -0.0000003173303124 
2431 0.0000000801100420 
2432 -0.0000000065745198 
2433 -0.0000001554080787 
2434 -0.0000001828291111 
2435 -0.0000002330974699 
2436 0.0000001753799165 
2437 0.0000000638864632 
2438 -0.0000000561741693 
2439 -0.0000002098360123 
2440 0.0000001441151250 
2441 -0.0000000028232482 
2442 -0.0000001392311136 
2443 -0.0000002603238800 
2444 -0.0000003911152401 
2445 0.0000000096292627 
2446 -0.0000000665726698 
2447 -0.0000002572925110 
2448 -0.0000002895047215 
2449 0.0000001694248487 
2450 0.0000000812274701 
2451 -0.0000000426408858 
2452 -0.0000001675574845 
2453 -0.0000001396863951 
2454 0.0000000458005938 
2455 -0.0000001129039099 
2456 -0.0000002533360869 
2457 -0.0000002216445234 
2458 -0.0000000129855891 
2459 -0.0000001291513126 
2460 -0.0000002076625704 
2461 -0.0000001840596736 
2462 -0.0000002024954161 
2463 0.0000000697183257 
2464 -0.0000000182032185 
2465 0.0000000452494835 
2466 -0.0000000926776700 
2467 0.0000001093345896 
2468 -0.0000000590883204 
2469 -0.0000000268174556 
2470 -0.0000001465922038 
2471 -0.0000002943111602 
2472 -0.0000000776483866 
2473 0.0000000016559887 
2474 -0.0000001110997277 
2475 -0.0000001427881030 
2476 0.0000000903148939 
2477 0.0000001758904002 
2478 0.0000000890532747 
2479 -0.0000000460664843 
2480 -0.0000001947423464 
2481 0.0000001843951974 
2482 0.0000000531960387 
2483 -0.0000001065680214 
2484 -0.0000002303542559 
2485 0.0000001338136909 
2486 0.0000000372064316 
2487 -0.0000000383905398 
2488 -0.0000001178278268 
2489 -0.0000001365456974 
2490 0.0000002084375209 
2491 0.0000001472232282 
2492 0.0000000424044078 
2493 -0.0000001010505226 
2494 0.0000002880742823 
2495 0.0000001120678870 
2496 -0.0000000280449961 
2497 -0.0000001868875045 
2498 -0.0000003296725679 
2499 0.0000000552272579 
2500 -0.0000000404758198 
2501 -0.0000001647526074 
2502 -0.0000002231986070 
2503 -0.0000002704177726 
2504 0.0000001158262393 
2505 0.0000000464707212 
2506 -0.0000000562417433 
2507 -0.0000001574956576 
2508 0.0000002245623863 
2509 0.0000000816727497 
2510 -0.0000000745027160 
2511 -0.0000002091362806 
2512 -0.0000003768041598 
2513 -0.0000000062307937 
2514 -0.0000001354630410 
2515 -0.0000002528240209 
2516 -0.0000003532733739 
2517 0.0000001046740071 
2518 -0.0000000064238950 
2519 -0.0000000556691659 
2520 -0.0000001572190480 
2521 -0.0000002762162921 
2522 0.0000001586410223 
2523 -0.0000000098770312 
2524 -0.0000001508581986 
2525 -0.0000002890384976 
2526 0.0000000872906630 
2527 -0.0000000598800997 
2528 -0.0000001890343069 
2529 -0.0000002950945236 
2530 -0.0000001941666364 
2531 0.0000000890299398 
2532 -0.0000000364656226 
2533 -0.0000001185301696 
2534 -0.0000000328634118 
2535 0.0000001958259945 
2536 0.0000000361925639 
2537 -0.0000000894322376 
2538 -0.0000000865398701 
2539 -0.0000002480493807 
2540 -0.0000000324122005 
2541 -0.0000001795770502 
2542 -0.0000001479902302 
2543 -0.0000002603628478 
2544 0.0000000248638652 
2545 -0.0000000322486744 
2546 0.0000000502586622 
2547 -0.0000000205128947 
2548 -0.0000001202271427 
2549 0.0000001138731519 
2550 0.0000001504779830 
2551 -0.0000000052784351 
2552 -0.0000001396432299 
2553 0.0000000505458244 
2554 0.0000000935929418 
2555 -0.0000000649627956 
2556 -0.0000002113590654 
2557 -0.0000003255463180 
2558 0.0000001340679489 
2559 0.0000000699507922 
2560 -0.0000000955100061 
2561 -0.0000001485406673 
2562 0.0000003034487726 
2563 0.0000001778355442 
2564 0.0000000311268263 
2565 -0.0000001166098102 
2566 -0.0000002602057738 
2567 0.0000001270503369 
2568 -0.0000000225521741 
2569 -0.0000001673964620 
2570 -0.0000003023053622 
2571 0.0000001292433534 
2572 0.0000000446462726 
2573 -0.0000000293725398 
2574 -0.0000002068368921 
2575 -0.0000002739430062 
2576 0.0000001917311744 
2577 0.0000000628889536 
2578 -0.0000000592296767 
2579 -0.0000001992315159 
2580 -0.0000003519190797 
2581 0.0000000541511840 
2582 -0.0000000934064551 
2583 -0.0000002380457627 
2584 -0.0000003596604106 
2585 0.0000000833984579 
2586 -0.0000000063461721 
2587 -0.0000000425382460 
2588 -0.0000003328895498 
2589 -0.0000003506450241 
2590 0.0000001478301319 
2591 0.0000000650679979 
2592 -0.0000000572698471 
2593 -0.0000001841595467 
2594 0.0000002260639716 
2595 0.0000000759397742 
2596 -0.0000000630613117 
2597 -0.0000002155132184 
2598 -0.0000003612847160 
2599 0.0000000561988840 
2600 -0.0000000456138145 
2601 -0.0000001399471750 
2602 -0.0000004003785229 
2603 0.0000000873011784 
2604 0.0000000021283638 
2605 -0.0000000993126548 
2606 -0.0000002266801469 
2607 -0.0000001810145910 
2608 0.0000000429299543 
2609 -0.0000001158431979 
2610 -0.0000002646549312 
2611 -0.0000002045397597 
2612 0.0000000399518354 
2613 -0.0000000772698283 
2614 -0.0000001486187022 
2615 -0.0000000198270737 
2616 -0.0000002071780937 
2617 0.0000000843486401 
2618 -0.0000000191551657 
2619 0.0000000389150097 
2620 -0.0000001087069861 
2621 0.0000001094871607 
2622 -0.0000000462951333 
2623 -0.0000000343453108 
2624 -0.0000001921220656 
2625 -0.0000003355422090 
2626 -0.0000001017073875 
2627 -0.0000000217877113 
2628 -0.0000001203126114 
2629 -0.0000001759411837 
2630 -0.0000000641889060 
2631 0.0000001084618919 
2632 0.0000000567160746 
2633 -0.0000000204326366 
2634 -0.0000001251551004 
2635 0.0000003066230319 
2636 0.0000001700471266 
2637 0.0000000217430677 
2638 -0.0000001330051863 
2639 0.0000002698808836 
2640 0.0000001330013243 
2641 -0.0000000019150945 
2642 -0.0000001221298608 
2643 -0.0000002149035080 
2644 0.0000001571874649 
2645 0.0000000755618085 
2646 -0.0000000298057307 
2647 -0.0000001610731911 
2648 -0.0000003054965796 
2649 0.0000000935613412 
2650 -0.0000000687408268 
2651 -0.0000002283136007 
2652 -0.0000003873108141 
2653 0.0000000258091953 
2654 -0.0000001086929258 
2655 -0.0000002192739782 
2656 -0.0000003006341406 
2657 -0.0000003549234476 
2658 0.0000000105895522 
2659 -0.0000000183570505 
2660 -0.0000000862833347 
2661 -0.0000001804354195 
2662 0.0000002632841844 
2663 0.0000001251423820 
2664 -0.0000000233115062 
2665 -0.0000001842222719 
2666 -0.0000003448329623 
2667 0.0000000589569087 
2668 -0.0000000925828416 
2669 -0.0000002279000603 
2670 -0.0000003491367875 
2671 0.0000001152601449 
2672 -0.0000000401190786 
2673 -0.0000001096098847 
2674 -0.0000002108364001 
2675 -0.0000003347624443 
2676 0.0000000864421263 
2677 -0.0000000669486415 
2678 -0.0000002271038108 
2679 -0.0000003887109039 
2680 0.0000000160617448 
2681 -0.0000001287850714 
2682 -0.0000002628696010 
2683 -0.0000003734274616 
2684 -0.0000002726053314 
2685 0.0000000449111583 
2686 -0.0000002425778085 
2687 -0.0000002673526541 
2688 -0.0000001395822796 
2689 0.0000001441859788 
2690 0.0000000286114368 
2691 -0.0000001047359057 
2692 -0.0000000670696540 
2693 -0.0000002246715273 
2694 -0.0000000106378944 
2695 -0.0000001684358709 
2696 -0.0000001334899225 
2697 -0.0000002725470059 
2698 -0.0000000194016239 
2699 -0.0000001175206041 
2700 0.0000000000001245 
2701 -0.0000002569872380 
2702 -0.0000003549898029 
2703 -0.0000001018444210 
2704 -0.0000000537056669 
2705 -0.0000002059555551 
2706 -0.0000003646848550 
2707 -0.0000001497198987 
2708 -0.0000001201259353 
2709 -0.0000002696555220 
2710 -0.0000004030028628 
2711 -0.0000005185774048 
2712 -0.0000000466819863 
2713 -0.0000001070387728 
2714 -0.0000001318136193 
2715 -0.0000004193025852 
2716 0.0000000863410654 
2717 -0.0000000009639654 
2718 -0.0000001133844702 
2719 -0.0000002437437104 
2720 -0.0000003923158169 
2721 0.0000000124568326 
2722 -0.0000001491502613 
2723 -0.0000003055801395 
2724 -0.0000004589709082 
2725 -0.0000006002851727 
2726 -0.0000001616923818 
2727 -0.0000002629188973 
2728 -0.0000003361349928 
2729 -0.0000004915142172 
2730 -0.0000000271172848 
2731 -0.0000001446287218 
2732 -0.0000002836712316 
2733 -0.0000004314856899 
2734 -0.0000005902146548 
2735 -0.0000001883065094 
2736 -0.0000003492172760 
2737 -0.0000004976711651 
2738 -0.0000006358129658 
2739 -0.0000001920933619 
2740 -0.0000002862454476 
2741 -0.0000003541717318 
2742 -0.0000003831183355 
2743 -0.0000005763988795 
2744 -0.0000000718946409 
2745 -0.0000001532548042 
2746 -0.0000002638358558 
2747 -0.0000003983379778 
2748 0.0000000147820316 
2749 -0.0000001442151819 
2750 -0.0000003037879558 
2751 -0.0000004660901230 
2752 -0.0000006258257479 
2753 -0.0000002114555917 
2754 -0.0000003427230521 
2755 -0.0000004480905913 
2756 -0.0000005297162469 
2757 -0.0000001576252749 
2758 -0.0000002503989221 
2759 -0.0000003631631079 
2760 -0.0000004980795276 
2761 -0.0000004561451509 
2762 -0.0000002395235960 
2763 -0.0000003942718509 
2764 -0.0000005425759098 
2765 -0.0000004928873011 
2766 -0.0000002473736821 
2767 -0.0000003520961459 
2768 -0.0000004292448580 
2769 -0.0000002947261596 
2770 -0.0000003083398775 
2771 -0.0000001965875999 
2772 -0.0000002522161713 
2773 -0.0000001570259769 
2774 -0.0000002708213953 
2775 -0.0000000369865747 
2776 -0.0000001804067183 
2777 -0.0000001593695388 
2778 -0.0000003113324895 
2779 -0.0000004820159439 
2780 -0.0000002638217980 
2781 -0.0000002177286983 
2782 -0.0000003533736185 
2783 -0.0000004568774244 
2784 -0.0000001653506898 
2785 -0.0000001589866143 
2786 -0.0000002090089211 
2787 -0.0000002952589562 
2788 -0.0000003975794597 
2789 0.0000000257260714 
2790 -0.0000001078738527 
2791 -0.0000002566855869 
2792 -0.0000004154587392 
2793 0.0000000022009016 
2794 -0.0000001458486381 
2795 -0.0000002732161294 
2796 -0.0000003746571489 
2797 -0.0000004598299628 
2798 0.0000000278497377 
2799 -0.0000002325816104 
2800 -0.0000003120138088 
2801 -0.0000004287276695 
2802 -0.0000005625870329 
2803 -0.0000001421144060 
2804 -0.0000002945663128 
2805 -0.0000004484685600 
2806 -0.0000005985927575 
2807 -0.0000001883692384 
2808 -0.0000003152589381 
2809 -0.0000004375967841 
2810 -0.0000005203589181 
2811 -0.0000005732267264 
2812 -0.0000000396392357 
2813 -0.0000003150893784 
2814 -0.0000003661826145 
2815 -0.0000004559272445 
2816 0.0000000020327842 
2817 -0.0000001195818621 
2818 -0.0000002642211697 
2819 -0.0000004117788098 
2820 -0.0000005719526716 
2821 -0.0000001583961101 
2822 -0.0000003132991105 
2823 -0.0000004354177401 
2824 -0.0000005493588006 
2825 -0.0000000985857805 
2826 -0.0000001507907343 
2827 -0.0000003431562479 
2828 -0.0000004022738984 
2829 -0.0000004868709802 
2830 -0.0000000553222638 
2831 -0.0000001902311650 
2832 -0.0000003350754529 
2833 -0.0000004846779640 
2834 -0.0000000974218534 
2835 -0.0000002559189774 
2836 -0.0000004036556140 
2837 -0.0000005503643337 
2838 -0.0000004822624659 
2839 -0.0000002090869612 
2840 -0.0000002770187829 
2841 -0.0000004424795822 
2842 -0.0000003128816434 
2843 -0.0000000469824739 
2844 -0.0000001611697258 
2845 -0.0000002926648354 
2846 -0.0000002724066386 
2847 -0.0000004081734565 
2848 -0.0000002179844031 
2849 -0.0000003821515204 
2850 -0.0000003292916828 
2851 -0.0000004715007861 
2852 -0.0000002374004925 
2853 -0.0000003371147406 
2854 -0.0000002290723651 
2855 -0.0000003253789628 
2856 -0.0000003824915026 
2857 -0.0000001270671129 
2858 -0.0000000308234739 
2859 -0.0000001780505883 
2860 -0.0000003252154399 
2861 -0.0000001095782598 
2862 -0.0000000922738370 
2863 -0.0000002681954041 
2864 -0.0000003938202056 
2865 -0.0000005534536381 
2866 -0.0000001459502975 
2867 -0.0000002390974742 
2868 -0.0000003211620221 
2869 -0.0000004466575845 
2870 -0.0000005210888780 
2871 -0.0000000625331232 
2872 -0.0000001685933400 
2873 -0.0000002977475482 
2874 -0.0000004449183109 
2875 -0.0000000387868290 
2876 -0.0000002067694513 
2877 -0.0000003477506189 
2878 -0.0000005162686733 
2879 -0.0000006178531620 
2880 -0.0000002004086041 
2881 -0.0000003019584863 
2882 -0.0000003512037573 
2883 -0.0000004623016612 
2884 -0.0000000043542804 
2885 -0.0000000750013120 
2886 -0.0000002221646144 
2887 -0.0000003513968618 
2888 -0.0000004874629781 
2889 -0.0000001186890545 
2890 -0.0000002831249415 
2891 -0.0000004393004082 
2892 -0.0000005821900450 
2893 -0.0000002001320020 
2894 -0.0000003013859173 
2895 -0.0000004040983811 
2896 -0.0000004734539010 
2897 -0.0000006236516913 
2898 -0.0000001344290558 
2899 -0.0000001928750563 
2900 -0.0000003171518441 
2901 -0.0000004128549227 
2902 -0.0000000279550971 
2903 -0.0000001707401615 
2904 -0.0000003295826691 
2905 -0.0000004696955540 
2906 -0.0000006457019494 
2907 -0.0000002565771455 
2908 -0.0000003702297536 
2909 -0.0000004750485750 
2910 -0.0000005660651902 
2911 -0.0000001912796514 
2912 -0.0000002397998436 
2913 -0.0000002894348100 
2914 -0.0000003650317816 
2915 -0.0000003126274282 
2916 -0.0000000974710960 
2917 -0.0000002510596522 
2918 -0.0000003810213909 
2919 -0.0000003632089378 
2920 -0.0000001628853293 
2921 -0.0000003115611922 
2922 -0.0000004168786299 
2923 -0.0000003547041427 
2924 -0.0000004479425725 
2925 -0.0000001254326079 
2926 -0.0000002465279512 
2927 -0.0000001506674119 
2928 -0.0000002501769711 
2929 -0.0000000335141992 
2930 -0.0000001812331550 
2931 -0.0000001519962929 
2932 -0.0000002985393618 
2933 -0.0000004669622736 
2934 -0.0000002351476917 
2935 -0.0000002240632335 
2936 -0.0000003394244668 
2937 -0.0000004273460111 
2938 -0.0000001551322702 
2939 0.0000000052459206 
2940 -0.0000001201627947 
2941 -0.0000002284763749 
2942 -0.0000003148397770 
2943 0.0000000726330915 
2944 -0.0000000744892819 
2945 -0.0000002447237806 
2946 -0.0000003736259621 
2947 -0.0000005457668428 
2948 -0.0000001602678849 
2949 -0.0000002851844845 
2950 -0.0000004090528414 
2951 -0.0000004972502201 
2952 -0.0000000681229733 
2953 -0.0000000705328616 
2954 -0.0000002612527037 
2955 -0.0000003672569595 
2956 -0.0000004731519375 
2957 -0.0000000675014956 
2958 -0.0000002183965845 
2959 -0.0000003548044508 
2960 -0.0000005017428241 
2961 -0.0000001477916877 
2962 -0.0000002716512093 
2963 -0.0000003917118420 
2964 -0.0000005032052953 
2965 -0.0000006013673905 
2966 -0.0000001449962697 
2967 -0.0000001724173030 
2968 -0.0000003212508621 
2969 -0.0000004079354241 
2970 -0.0000000104950705 
2971 -0.0000001076672314 
2972 -0.0000002476820774 
2973 -0.0000003960065179 
2974 -0.0000005479140257 
2975 -0.0000001920428515 
2976 -0.0000003369539548 
2977 -0.0000004414918189 
2978 -0.0000005605516712 
2979 -0.0000001529866051 
2980 -0.0000002273748077 
2981 -0.0000002723803636 
2982 -0.0000003727181644 
2983 -0.0000004342935357 
2984 -0.0000000649929641 
2985 -0.0000001840095227 
2986 -0.0000003098315428 
2987 -0.0000004675912659 
2988 -0.0000001161812504 
2989 -0.0000002344169509 
2990 -0.0000003706068183 
2991 -0.0000004902963008 
2992 -0.0000004398260571 
2993 -0.0000002145528706 
2994 -0.0000002866752076 
2995 -0.0000002939310516 
2996 -0.0000003509000974 
2997 -0.0000000655271283 
2998 -0.0000001484474416 
2999 -0.0000002374173230 
3000 -0.0000001788139298 
3001 -0.0000002958562003 
3002 -0.0000001369073307 
3003 -0.0000002338118116 
3004 -0.0000002243491267 
3005 -0.0000004019545369 
3006 -0.0000001659983245 
3007 -0.0000002867623116 
3008 -0.0000001636262158 
3009 -0.0000002688580953 
3010 -0.0000004786843149 
3011 -0.0000001924988438 
3012 -0.0000000613979712 
3013 -0.0000001404363335 
3014 -0.0000003058594364 
3015 -0.0000000762897405 
3016 -0.0000000432381464 
3017 -0.0000002021739539 
3018 -0.0000003101527466 
3019 -0.0000004222582074 
3020 -0.0000001167417518 
3021 -0.0000002235572395 
3022 -0.0000003209659046 
3023 -0.0000004044664287 
3024 -0.0000004099577907 
3025 -0.0000000349253493 
3026 -0.0000001093476878 
3027 -0.0000002115108320 
3028 -0.0000003369383235 
3029 -0.0000000043215563 
3030 -0.0000001628684262 
3031 -0.0000002716757511 
3032 -0.0000004454964930 
3033 -0.0000005606701050 
3034 -0.0000001955178948 
3035 -0.0000002992730944 
3036 -0.0000003906625720 
3037 -0.0000004056508269 
3038 -0.0000001609982068 
3039 -0.0000001887259448 
3040 -0.0000002460000527 
3041 -0.0000003284102972 
3042 -0.0000004315516335 
3043 -0.0000000741870620 
3044 -0.0000002055962737 
3045 -0.0000003445527121 
3046 -0.0000004270675772 
3047 -0.0000000911341025 
3048 -0.0000002264483283 
3049 -0.0000002922001056 
3050 -0.0000004032356707 
3051 -0.0000004359879929 
3052 -0.0000001476860719 
3053 -0.0000002492385596 
3054 -0.0000003190712078 
3055 -0.0000004124522860 
3056 -0.0000001078182835 
3057 -0.0000002353086161 
3058 -0.0000003733705611 
3059 -0.0000004580846812 
3060 -0.0000006043508987 
3061 -0.0000002714234862 
3062 -0.0000003490736463 
3063 -0.0000004157758591 
3064 -0.0000004672426035 
3065 -0.0000000223546903 
3066 -0.0000002689284923 
3067 -0.0000003086233348 
3068 -0.0000004351969694 
3069 -0.0000003463662458 
3070 -0.0000001570860874 
3071 -0.0000003399448549 
3072 -0.0000004138621799 
3073 -0.0000004342050918 
3074 -0.0000002179276515 
3075 -0.0000003568499268 
3076 -0.0000004295186578 
3077 -0.0000003721141045 
3078 -0.0000004188454098 
3079 -0.0000001482763015 
3080 -0.0000002714644429 
3081 -0.0000001285663679 
3082 -0.0000002518372206 
3083 -0.0000000410496173 
3084 -0.0000001476794549 
3085 -0.0000000907201313 
3086 -0.0000002236358309 
3087 -0.0000003634547163 
3088 -0.0000002080014465 
3089 -0.0000001703622210 
3090 -0.0000003060011862 
3091 -0.0000003723650872 
3092 -0.0000002461158033 
3093 -0.0000001615489309 
3094 -0.0000002933612886 
3095 -0.0000003394184139 
3096 -0.0000004148242463 
3097 -0.0000000386421796 
3098 -0.0000001604529990 
3099 -0.0000002993319401 
3100 -0.0000003915926937 
3101 -0.0000004927641906 
3102 -0.0000001815441678 
3103 -0.0000002883338818 
3104 -0.0000003918430349 
3105 -0.0000004880198478 
3106 -0.0000000959813938 
3107 -0.0000001057576056 
3108 -0.0000003345008459 
3109 -0.0000003013463052 
3110 -0.0000003599002656 
3111 -0.0000000293100550 
3112 -0.0000000804266318 
3113 -0.0000002112234486 
3114 -0.0000002984940005 
3115 -0.0000000402239773 
3116 -0.0000001476841629 
3117 -0.0000002592678860 
3118 -0.0000003710025053 
3119 -0.0000005385261928 
3120 -0.0000001618322172 
3121 -0.0000003098500968 
3122 -0.0000003825855036 
3123 -0.0000004357014254 
3124 -0.0000001076345679 
3125 -0.0000001693161323 
3126 -0.0000002591953281 
3127 -0.0000003733554998 
3128 -0.0000004482816306 
3129 -0.0000001820464146 
3130 -0.0000002860078143 
3131 -0.0000003986465013 
3132 -0.0000005160773435 
3133 -0.0000001575843934 
3134 -0.0000002133648824 
3135 -0.0000002623202234 
3136 -0.0000004794046508 
3137 -0.0000005031369830 
3138 -0.0000001508563742 
3139 -0.0000002531873479 
3140 -0.0000003294586668 
3141 -0.0000004354473316 
3142 -0.0000001500996269 
3143 -0.0000002444611938 
3144 -0.0000003570958915 
3145 -0.0000004842019264 
3146 -0.0000003835654214 
3147 -0.0000002302115123 
3148 -0.0000002587764987 
3149 -0.0000002866706932 
3150 -0.0000001313109448 
3151 -0.0000000869578134 
3152 -0.0000001498551941 
3153 -0.0000002566489103 
3154 -0.0000002247820821 
3155 -0.0000002889369357 
3156 -0.0000001473605044 
3157 -0.0000002135621739 
3158 -0.0000002454068705 
3159 -0.0000003583940278 
3160 -0.0000001911925734 
3161 -0.0000002765477725 
3162 -0.0000001935372457 
3163 -0.0000002365010401 
3164 -0.0000002825533845 
3165 -0.0000001492105715 
3166 -0.0000000712281280 
3167 -0.0000001641590223 
3168 -0.0000002455397393 
3169 -0.0000003117274541 
3170 -0.0000000610628776 
3171 -0.0000001455678167 
3172 -0.0000002635965471 
3173 -0.0000004115333645 
3174 -0.0000001089322165 
3175 -0.0000001866560539 
3176 -0.0000002834817623 
3177 -0.0000003362162940 
3178 -0.0000004008827411 
3179 -0.0000000566739028 
3180 -0.0000001344869909 
3181 -0.0000002135285618 
3182 -0.0000002902445831 
3183 -0.0000000034600577 
3184 -0.0000001244951591 
3185 -0.0000002325840911 
3186 -0.0000003242005123 
3187 -0.0000004554296740 
3188 -0.0000001459219847 
3189 -0.0000002266370112 
3190 -0.0000003364484039 
3191 -0.0000003526553873 
3192 -0.0000000333548977 
3193 -0.0000001499298461 
3194 -0.0000002220726287 
3195 -0.0000002463198349 
3196 -0.0000003384243873 
3197 -0.0000000777044641 
3198 -0.0000001759735569 
3199 -0.0000002721686317 
3200 -0.0000003628616100 
3201 -0.0000000870036406 
3202 -0.0000002160412337 
3203 -0.0000003293351210 
3204 -0.0000003638810315 
3205 -0.0000004354957703 
3206 -0.0000001235614864 
3207 -0.0000001995603868 
3208 -0.0000002428889517 
3209 -0.0000003097880000 
3210 0.0000000203316149 
3211 -0.0000000836456991 
3212 -0.0000001415405630 
3213 -0.0000002692272647 
3214 -0.0000003441687465 
3215 -0.0000001246259016 
3216 -0.0000002033319018 
3217 -0.0000002789575102 
3218 -0.0000004078086309 
3219 -0.0000001097566450 
3220 -0.0000001563777691 
3221 -0.0000001867672671 
3222 -0.0000002572602319 
3223 -0.0000002453851435 
3224 -0.0000000882824571 
3225 -0.0000001999371299 
3226 -0.0000002790857321 
3227 -0.0000002628907748 
3228 -0.0000001481267871 
3229 -0.0000002295989007 
3230 -0.0000003252824826 
3231 -0.0000003127649443 
3232 -0.0000003676643312 
3233 -0.0000001291643080 
3234 -0.0000001901302842 
3235 -0.0000001897607940 
3236 -0.0000002440989785 
3237 -0.0000000519629240 
3238 -0.0000000870385694 
3239 -0.0000001077635924 
3240 -0.0000001706063844 
3241 -0.0000002724381890 
3242 -0.0000001121145325 
3243 -0.0000001037541950 
3244 -0.0000001846463242 
3245 -0.0000002920876041 
3246 -0.0000003633822637 
3247 -0.0000000974235058 
3248 -0.0000001467864150 
3249 -0.0000002103793315 
3250 -0.0000002255367567 
3251 0.0000000492131489 
3252 -0.0000000387350457 
3253 -0.0000000691107782 
3254 -0.0000001580929071 
3255 -0.0000002430539853 
3256 -0.0000000229556264 
3257 -0.0000001504414054 
3258 -0.0000002648835948 
3259 -0.0000003632899994 
3260 -0.0000000850482300 
3261 -0.0000002020418337 
3262 -0.0000002344645077 
3263 -0.0000002985641004 
3264 -0.0000003317822370 
3265 -0.0000000927543267 
3266 -0.0000001149838905 
3267 -0.0000002167264493 
3268 -0.0000002758499165 
3269 -0.0000000510206712 
3270 -0.0000001353778832 
3271 -0.0000002279988242 
3272 -0.0000002663871279 
3273 -0.0000003668681522 
3274 -0.0000001093332531 
3275 -0.0000001465651995 
3276 -0.0000001776802631 
3277 -0.0000001998257636 
3278 -0.0000000313429215 
3279 -0.0000000866272495 
3280 -0.0000001244310180 
3281 -0.0000002611422287 
3282 -0.0000003151335268 
3283 -0.0000001047854356 
3284 -0.0000002233467479 
3285 -0.0000002507951885 
3286 -0.0000003631628351 
3287 -0.0000001404432279 
3288 -0.0000001759167888 
3289 -0.0000002284068424 
3290 -0.0000002355585836 
3291 -0.0000003734437326 
3292 -0.0000001028862263 
3293 -0.0000001364155032 
3294 -0.0000001732900115 
3295 -0.0000002107994012 
3296 -0.0000000078227316 
3297 -0.0000000981074388 
3298 -0.0000001809439351 
3299 -0.0000002536538677 
3300 -0.0000002539622606 
3301 -0.0000001196021635 
3302 -0.0000002055471776 
3303 -0.0000002707324985 
3304 -0.0000001933106655 
3305 -0.0000000898608553 
3306 -0.0000001365749583 
3307 -0.0000002116297181 
3308 -0.0000001336053158 
3309 -0.0000001979271850 
3310 -0.0000001039824097 
3311 -0.0000001472126299 
3312 -0.0000001462304443 
3313 -0.0000002176797974 
3314 -0.0000000609802530 
3315 -0.0000001504198964 
3316 -0.0000001258299306 
3317 -0.0000001634915192 
3318 -0.0000002012754071 
3319 -0.0000001770605104 
3320 -0.0000000883385678 
3321 -0.0000001114234370 
3322 -0.0000001246139447 
3323 -0.0000001850310539 
3324 0.0000000078239346 
3325 -0.0000000204188795 
3326 -0.0000000884865258 
3327 -0.0000001939281993 
3328 0.0000000233265346 
3329 -0.0000000303344502 
3330 -0.0000001140665074 
3331 -0.0000001658471839 
3332 -0.0000002428715856 
3333 -0.0000001043198686 
3334 -0.0000001054269191 
3335 -0.0000001245987558 
3336 -0.0000002190636275 
3337 0.0000000307790700 
3338 -0.0000000283619771 
3339 -0.0000000961120825 
3340 -0.0000001701281119 
3341 -0.0000002480752628 
3342 -0.0000000892084939 
3343 -0.0000001084422048 
3344 -0.0000001842573435 
3345 -0.0000002547478664 
3346 -0.0000000792021636 
3347 -0.0000001321727366 
3348 -0.0000001729647333 
3349 -0.0000001993102685 
3350 -0.0000002685544982 
3351 -0.0000000804231133 
3352 -0.0000001095105956 
3353 -0.0000001747687520 
3354 -0.0000002739717463 
3355 -0.0000001068789494 
3356 -0.0000001481185503 
3357 -0.0000002166760897 
3358 -0.0000002507548488 
3359 -0.0000003077758539 
3360 -0.0000000875407282 
3361 -0.0000001839292356 
3362 -0.0000001775506558 
3363 -0.0000001854645559 
3364 -0.0000000267157682 
3365 -0.0000000567994251 
3366 -0.0000000947773597 
3367 -0.0000001385338471 
3368 -0.0000002455663253 
3369 -0.0000000561482396 
3370 -0.0000001642358817 
3371 -0.0000002101197624 
3372 -0.0000002513314452 
3373 -0.0000001069924647 
3374 -0.0000001326747120 
3375 -0.0000001475168347 
3376 -0.0000002090846275 
3377 -0.0000001365338779 
3378 -0.0000000470521759 
3379 -0.0000001174403430 
3380 -0.0000001668799217 
3381 -0.0000001933749877 
3382 -0.0000000757289292 
3383 -0.0000001695909037 
3384 -0.0000001749675904 
3385 -0.0000002091068039 
3386 -0.0000002104510528 
3387 -0.0000001174514780 
3388 -0.0000001069864400 
3389 -0.0000000579197202 
3390 -0.0000001471469746 
3391 -0.0000000151307145 
3392 -0.0000000772024948 
3393 -0.0000000334468028 
3394 -0.0000000607939583 
3395 -0.0000000977643809 
3396 -0.0000000232825327 
3397 -0.0000000143047911 
3398 -0.0000000689822953 
3399 -0.0000001258702439 
3400 -0.0000001831371879 
3401 -0.0000000005418128 
3402 -0.0000000531072625 
3403 -0.0000000410050220 
3404 -0.0000002008571119 
3405 -0.0000000540385501 
3406 -0.0000000160027674 
3407 -0.0000000849794298 
3408 -0.0000000803930196 
3409 -0.0000001197000018 
3410 -0.0000000223423795 
3411 -0.0000000250034388 
3412 -0.0000001259566594 
3413 -0.0000001446703656 
3414 -0.0000000198309561 
3415 -0.0000001073661314 
3416 -0.0000001671659399 
3417 -0.0000001975478077 
3418 -0.0000001968379657 
3419 -0.0000000441621659 
3420 -0.0000000954921334 
3421 -0.0000001107619646 
3422 -0.0000002075424510 
3423 -0.0000000861806988 
3424 -0.0000001622883881 
3425 -0.0000001958349460 
3426 -0.0000002448218678 
3427 -0.0000002480502096 
3428 -0.0000000847252367 
3429 -0.0000001108982322 
3430 -0.0000001461875407 
3431 -0.0000001294296648 
3432 0.0000000005300185 
3433 0.0000000068140303 
3434 -0.0000001090454117 
3435 -0.0000001071063999 
3436 -0.0000001646684313 
3437 -0.0000000418073876 
3438 -0.0000000946544986 
3439 -0.0000001429080988 
3440 -0.0000001850893667 
3441 -0.0000001005191065 
3442 -0.0000001261549114 
3443 -0.0000001413354299 
3444 -0.0000002042221730 
3445 -0.0000001941716512 
3446 0.0000000094506892 
3447 -0.0000000091713445 
3448 -0.0000000698164424 
3449 -0.0000001114815344 
3450 -0.0000000135678607 
3451 -0.0000000727181332 
3452 -0.0000001087468683 
3453 -0.0000001798961299 
3454 -0.0000001656030174 
3455 -0.0000001241275414 
3456 -0.0000001733433356 
3457 -0.0000001927144386 
3458 -0.0000001213185221 
3459 -0.0000000174515379 
3460 -0.0000001182323688 
3461 -0.0000001243470935 
3462 -0.0000000941186630 
3463 -0.0000000858790362 
3464 -0.0000000387598932 
3465 -0.0000000707158643 
3466 -0.0000000016873739 
3467 -0.0000000688563838 
3468 -0.0000000921813681 
3469 -0.0000000108391207 
3470 -0.0000000024340491 
3471 -0.0000000061610194 
3472 -0.0000000208285832 
3473 0.0000000143503067 
3474 -0.0000000186602839 
3475 0.0000000005132362 
3476 -0.0000000461831758 
3477 -0.0000000979986877 
3478 0.0000000250177592 
3479 -0.0000000336336450 
3480 -0.0000000344153321 
3481 -0.0000000954266763 
3482 -0.0000000367529034 
3483 -0.0000000957208331 
3484 -0.0000001520384991 
3485 -0.0000001450276662 
3486 -0.0000001928331237 
3487 -0.0000000559808845 
3488 -0.0000000314478610 
3489 -0.0000000585921960 
3490 -0.0000000767811351 
3491 0.0000000342136156 
3492 -0.0000000226212719 
3493 -0.0000000674710797 
3494 -0.0000000993441389 
3495 -0.0000001172578982 
3496 -0.0000000606342824 
3497 -0.0000001073229192 
3498 -0.0000001371593394 
3499 -0.0000001491974929 
3500 -0.0000000828958170 
3501 -0.0000001161404639 
3502 -0.0000000691988552 
3503 -0.0000000603707772 
3504 -0.0000000887558707 
3505 -0.0000000342536332 
3506 -0.0000000747959357 
3507 -0.0000000903005768 
3508 -0.0000000799037994 
3509 -0.0000000427510036 
3510 -0.0000000376013941 
3511 -0.0000000636186934 
3512 -0.0000001199757885 
3513 -0.0000001462500893 
3514 -0.0000000820281758 
3515 -0.0000000457197343 
3516 -0.0000000365343370 
3517 -0.0000001132953776 
3518 -0.0000000368122060 
3519 -0.0000000447405117 
3520 -0.0000000767219450 
3521 -0.0000001320119876 
3522 -0.0000001502706654 
3523 -0.0000001307718397 
3524 -0.0000001324032104 
3525 -0.0000001544570278 
3526 -0.0000001366300953 
3527 -0.0000000782330609 
3528 -0.0000000381904189 
3529 -0.0000000158312232 
3530 -0.0000000700983783 
3531 -0.0000000215254174 
3532 0.0000000113216918 
3533 0.0000000290770600 
3534 0.0000000323655832 
3535 0.0000000218029422 
3536 0.0000000576002448 
3537 0.0000000211454444 
3538 0.0000000322358531 
3539 0.0000000318456246 
3540 -0.0000000390603119 
3541 -0.0000000011076743 
3542 -0.0000000921639229 
3543 -0.0000001328732345 
3544 -0.0000001227029516 
3545 -0.0000000611296502 
3546 -0.0000000072437860 
3547 -0.0000000201450508 
3548 0.0000000198715592 
3549 -0.0000000059167699 
3550 0.0000000221764854 
3551 0.0000000450146722 
3552 0.0000000034518938 
3553 -0.0000000424577026 
3554 -0.0000000326692160 
3555 -0.0000000263562833 
3556 -0.0000000827017903 
3557 -0.0000000820839393 
3558 0.0000000355051708 
3559 0.0000000320409644 
3560 0.0000000271174799 
3561 -0.0000000384944335 
3562 -0.0000000452192495 
3563 -0.0000000523046333 
3564 -0.0000000594028642 
3565 -0.0000000661754814 
3566 -0.0000000722932851 
3567 -0.0000000774363371 
3568 -0.0000000812939623 
3569 -0.0000000835647491 
3570 -0.0000000839565508 
3571 -0.0000000821864862 
3572 -0.0000000779809407 
3573 -0.0000000114709221 
3574 -0.0000000016106406 
3575 0.0000000114503591 
3576 -0.0000000316560271 
3577 -0.0000000114932391 
3578 0.0000000125520777 
3579 -0.0000000189159935 
3580 0.0000000135112920 
3581 -0.0000000091851728 
3582 -0.0000000272198341 
3583 0.0000000191835877 
3584 0.0000000109781635 
3585 0.0000000079216230 
3586 -0.0000000494468686 
3587 0.0000000178211564 
3588 0.0000000310370211 
3589 0.0000000499213506 
3590 0.0000000745808484 
3591 0.0000000455082955 
3592 0.0000000820011296 
3593 0.0000000649289311 
3594 0.0000000539659368 
3595 0.0000000491724600 
3596 0.0000000505995352 
3597 -0.0000000013157263 
3598 0.0000000126684417 
3599 -0.0000000266340523 
3600 0.0000000000000000 
