0 0.0000000000000000
1 0.0017452586907893
2 0.0034906708169729
3 0.0052360491827130
4 0.0069812065921724
5 0.0087265167385340
6 0.0104717947542667
7 0.0122168511152267
8 0.0139620602130890
9 0.0157072357833385
10 0.0174521896988153
11 0.0191972982138395
12 0.0209423732012510
13 0.0226872265338898
14 0.0244322344660759
15 0.0261769033968449
16 0.0279215369373560
17 0.0296662431210279
18 0.0314108319580555
19 0.0331551209092140
20 0.0348994806408882
21 0.0366437211632729
22 0.0383876599371433
23 0.0401316732168198
24 0.0418755672872066
25 0.0436191633343697
26 0.0453628264367580
27 0.0471063740551472
28 0.0488496199250221
29 0.0505928248167038
30 0.0523359291255474
31 0.0540786683559418
32 0.0558214113116264
33 0.0575639680027962
34 0.0593061596155167
35 0.0610483512282372
36 0.0627903565764427
37 0.0645319968461990
38 0.0662736371159554
39 0.0680150985717773
40 0.0697563737630844
41 0.0714972764253616
42 0.0732381865382195
43 0.0749787092208862
44 0.0767189562320709
45 0.0784591287374496
46 0.0801990330219269
47 0.0819384828209877
48 0.0836778581142426
49 0.0854169651865959
50 0.0871556252241135
51 0.0888942033052444
52 0.0906325131654739
53 0.0923703759908676
54 0.0941081568598747
55 0.0958456769585609
56 0.0975827425718307
57 0.0993195921182632
58 0.1010562330484390
59 0.1027923598885536
60 0.1045283302664757
61 0.1062639877200127
62 0.1079991161823273
63 0.1097341030836105
64 0.1114687621593475
65 0.1132029071450233
66 0.1149369031190872
67 0.1166705712676048
68 0.1184037253260612
69 0.1201367303729057
70 0.1218694075942039
71 0.1236012801527977
72 0.1253331601619720
73 0.1270646303892136
74 0.1287955045700073
75 0.1305261552333832
76 0.1322563886642456
77 0.1339860260486603
78 0.1357154399156570
79 0.1374444365501404
80 0.1391730159521103
81 0.1409010142087936
82 0.1426287740468979
83 0.1443561166524887
84 0.1460828632116318
85 0.1478092521429062
86 0.1495353132486343
87 0.1512607038021088
88 0.1529857963323593
89 0.1547104120254517
90 0.1564343571662903
91 0.1581579893827438
92 0.1598811447620392
93 0.1616036295890808
94 0.1633258163928986
95 0.1650475263595581
96 0.1667685508728027
97 0.1684892922639847
98 0.1702095270156860
99 0.1719288676977158
100 0.1736480444669724
101 0.1753666698932648
102 0.1770845502614975
103 0.1788020730018616
104 0.1805190294981003
105 0.1822352707386017
106 0.1839511245489120
107 0.1856664270162582
108 0.1873809993267059
109 0.1890951991081238
110 0.1908088475465775
111 0.1925217658281326
112 0.1942343115806580
113 0.1959460079669952
114 0.1976571530103683
115 0.1993678510189056
116 0.2010779231786728
117 0.2027871757745743
118 0.2044959664344788
119 0.2062041312456131
120 0.2079116702079773
121 0.2096184045076370
122 0.2113246768712997
123 0.2130303233861923
124 0.2147351354360580
125 0.2164395153522491
126 0.2181432694196701
127 0.2198460549116135
128 0.2215484529733658
129 0.2232501655817032
130 0.2249509990215302
131 0.2266512960195541
132 0.2283508926630020
133 0.2300496101379395
134 0.2317478060722351
135 0.2334452867507935
136 0.2351418882608414
137 0.2368379682302475
138 0.2385333478450775
139 0.2402278333902359
140 0.2419217973947525
141 0.2436149418354034
142 0.2453072518110275
143 0.2469989657402039
144 0.2486899048089981
145 0.2503798902034760
146 0.2520692646503448
147 0.2537578940391541
148 0.2554455399513245
149 0.2571325898170471
150 0.2588188946247101
151 0.2605042159557343
152 0.2621889412403107
153 0.2638728916645050
154 0.2655558884143829
155 0.2672382295131683
156 0.2689197957515717
157 0.2706003189086914
158 0.2722802162170410
159 0.2739592194557190
160 0.2756373882293701
161 0.2773145437240601
162 0.2789910137653351
163 0.2806666195392609
164 0.2823412418365479
165 0.2840151488780975
166 0.2856882214546204
167 0.2873602807521820
168 0.2890316545963287
169 0.2907021045684814
170 0.2923715412616730
171 0.2940402626991272
172 0.2957080602645874
173 0.2973747551441193
174 0.2990407049655914
175 0.3007057607173920
176 0.3023696839809418
177 0.3040328919887543
178 0.3056951463222504
179 0.3073563575744629
180 0.3090167939662933
181 0.3106763064861298
182 0.3123347461223602
183 0.3139923512935638
184 0.3156490325927734
185 0.3173045814037323
186 0.3189592659473419
187 0.3206129968166351
188 0.3222655653953552
189 0.3239172995090485
190 0.3255680501461029
191 0.3272178173065186
192 0.3288664221763611
193 0.3305141925811768
194 0.3321608304977417
195 0.3338066339492798
196 0.3354514539241791
197 0.3370951712131500
198 0.3387377858161926
199 0.3403795361518860
200 0.3420200049877167
201 0.3436596393585205
202 0.3452981710433960
203 0.3469356596469879
204 0.3485718965530396
205 0.3502072691917419
206 0.3518415391445160
207 0.3534745872020721
208 0.3551067411899567
209 0.3567378520965576
210 0.3583677411079407
211 0.3599966168403625
212 0.3616245090961456
213 0.3632511198520660
214 0.3648767471313477
215 0.3665012419223785
216 0.3681244552135468
217 0.3697466850280762
218 0.3713677823543549
219 0.3729875981807709
220 0.3746064305305481
221 0.3762241303920746
222 0.3778405189514160
223 0.3794559836387634
224 0.3810702860355377
225 0.3826833069324493
226 0.3842952549457550
227 0.3859060406684875
228 0.3875154852867126
229 0.3891239166259766
230 0.3907311260700226
231 0.3923369646072388
232 0.3939417898654938
233 0.3955453932285309
234 0.3971476554870605
235 0.3987488448619843
236 0.4003488719463348
237 0.4019477069377899
238 0.4035451412200928
239 0.4051415920257568
240 0.4067366719245911
241 0.4083304107189178
242 0.4099230468273163
243 0.4115144312381744
244 0.4131043553352356
245 0.4146931767463684
246 0.4162807464599609
247 0.4178668856620789
248 0.4194519221782684
249 0.4210356771945953
250 0.4226180315017700
251 0.4241992533206940
252 0.4257792234420776
253 0.4273577928543091
254 0.4289350509643555
255 0.4305110871791840
256 0.4320856332778931
257 0.4336590170860291
258 0.4352310597896576
259 0.4368016123771667
260 0.4383710026741028
261 0.4399390220642090
262 0.4415055811405182
263 0.4430709481239319
264 0.4446350038051605
265 0.4461975395679474
266 0.4477589428424835
267 0.4493189752101898
268 0.4508773684501648
269 0.4524346292018890
270 0.4539904892444611
271 0.4555447995662689
272 0.4570978581905365
273 0.4586494863033295
274 0.4601997435092926
275 0.4617484211921692
276 0.4632958769798279
277 0.4648417532444000
278 0.4663864076137543
279 0.4679296612739563
280 0.4694715142250061
281 0.4710117876529694
282 0.4725507199764252
283 0.4740882515907288
284 0.4756241440773010
285 0.4771587252616882
286 0.4786918759346008
287 0.4802233576774597
288 0.4817535579204559
289 0.4832822978496552
290 0.4848093986511230
291 0.4863351881504059
292 0.4878595471382141
293 0.4893822371959686
294 0.4909036457538605
295 0.4924235939979553
296 0.4939416646957397
297 0.4954586029052734
298 0.4969739913940430
299 0.4984876513481140
300 0.4999999701976776
301 0.5015107393264771
302 0.5030198097229004
303 0.5045275092124939
304 0.5060336589813232
305 0.5075383186340332
306 0.5090412497520447
307 0.5105428099632263
308 0.5120427012443542
309 0.5135411620140076
310 0.5150379538536072
311 0.5165331363677979
312 0.5180269479751587
313 0.5195190906524658
314 0.5210095047950745
315 0.5224984884262085
316 0.5239858627319336
317 0.5254716277122498
318 0.5269556045532227
319 0.5284382104873657
320 0.5299191474914551
321 0.5313983559608459
322 0.5328761339187622
323 0.5343521237373352
324 0.5358266830444336
325 0.5372995734214783
326 0.5387708544731140
327 0.5402402281761169
328 0.5417081713676453
329 0.5431744456291199
330 0.5446388721466064
331 0.5461018085479736
332 0.5475631356239319
333 0.5490225553512573
334 0.5504805445671082
335 0.5519368648529053
336 0.5533913373947144
337 0.5548443198204041
338 0.5562954545021057
339 0.5577450990676880
340 0.5591928362846375
341 0.5606389641761780
342 0.5620832443237305
343 0.5635259747505188
344 0.5649669170379639
345 0.5664060711860657
346 0.5678436160087585
347 0.5692794322967529
348 0.5707135200500488
349 0.5721457004547119
350 0.5735763311386108
351 0.5750052928924561
352 0.5764321684837341
353 0.5778575539588928
354 0.5792810320854187
355 0.5807028412818909
356 0.5821228623390198
357 0.5835409760475159
358 0.5849574804306030
359 0.5863721966743469
360 0.5877851247787476
361 0.5891960859298706
362 0.5906054377555847
363 0.5920130610466003
364 0.5934187173843384
365 0.5948227643966675
366 0.5962247848510742
367 0.5976249575614929
368 0.5990235209465027
369 0.6004201769828796
370 0.6018148660659790
371 0.6032078266143799
372 0.6045989990234375
373 0.6059881448745728
374 0.6073756217956543
375 0.6087612509727478
376 0.6101449131965637
377 0.6115268468856812
378 0.6129069328308105
379 0.6142850518226624
380 0.6156613826751709
381 0.6170358657836914
382 0.6184084415435791
383 0.6197789907455444
384 0.6211478114128113
385 0.6225145459175110
386 0.6238794922828674
387 0.6252425909042358
388 0.6266036033630371
389 0.6279628872871399
390 0.6293202638626099
391 0.6306755542755127
392 0.6320290565490723
393 0.6333807110786438
394 0.6347303986549377
395 0.6360780000686646
396 0.6374238729476929
397 0.6387677788734436
398 0.6401095390319824
399 0.6414495110511780
400 0.6427873373031616
401 0.6441234350204468
402 0.6454575061798096
403 0.6467896103858948
404 0.6481196284294128
405 0.6494478583335876
406 0.6507741212844849
407 0.6520982980728149
408 0.6534204483032227
409 0.6547407507896423
410 0.6560589671134949
411 0.6573752164840698
412 0.6586894989013672
413 0.6600016355514526
414 0.6613118052482605
415 0.6626200079917908
416 0.6639261841773987
417 0.6652302145957947
418 0.6665323376655579
419 0.6678323149681091
420 0.6691304445266724
421 0.6704264283180237
422 0.6717203259468079
423 0.6730123758316040
424 0.6743022799491882
425 0.6755900382995605
426 0.6768758296966553
427 0.6781595945358276
428 0.6794412136077881
429 0.6807206869125366
430 0.6819981932640076
431 0.6832734942436218
432 0.6845468878746033
433 0.6858181953430176
434 0.6870872974395752
435 0.6883544325828552
436 0.6896193623542786
437 0.6908823251724243
438 0.6921430230140686
439 0.6934016942977905
440 0.6946582794189453
441 0.6959125995635986
442 0.6971649527549744
443 0.6984151601791382
444 0.6996631026268005
445 0.7009090781211853
446 0.7021529078483582
447 0.7033944725990295
448 0.7046340703964233
449 0.7058715224266052
450 0.7071067690849304
451 0.7083397507667542
452 0.7095707058906555
453 0.7107993960380554
454 0.7120260000228882
455 0.7132503986358643
456 0.7144725322723389
457 0.7156926393508911
458 0.7169104814529419
459 0.7181262373924255
460 0.7193396091461182
461 0.7205509543418884
462 0.7217600345611572
463 0.7229670286178589
464 0.7241718173027039
465 0.7253742218017578
466 0.7265745997428894
467 0.7277727723121643
468 0.7289685010910034
469 0.7301622033119202
470 0.7313536405563354
471 0.7325428724288940
472 0.7337297201156616
473 0.7349144816398621
474 0.7360969781875610
475 0.7372771501541138
476 0.7384551763534546
477 0.7396308779716492
478 0.7408044934272766
479 0.7419757843017578
480 0.7431448101997375
481 0.7443114519119263
482 0.7454759478569031
483 0.7466381788253784
484 0.7477979660034180
485 0.7489556074142456
486 0.7501109838485718
487 0.7512639164924622
488 0.7524147629737854
489 0.7535632848739624
490 0.7547093629837036
491 0.7558533549308777
492 0.7569950222969055
493 0.7581343054771423
494 0.7592712044715881
495 0.7604059576988220
496 0.7615382075309753
497 0.7626682519912720
498 0.7637959718704224
499 0.7649212479591370
500 0.7660443186759949
501 0.7671650648117065
502 0.7682833075523376
503 0.7693994045257568
504 0.7705131173133850
505 0.7716245055198669
506 0.7727334499359131
507 0.7738401293754578
508 0.7749443650245667
509 0.7760463356971741
510 0.7771459817886353
511 0.7782430648803711
512 0.7793379426002502
513 0.7804303765296936
514 0.7815204858779907
515 0.7826080322265625
516 0.7836933732032776
517 0.7847762703895569
518 0.7858567237854004
519 0.7869349122047424
520 0.7880107164382935
521 0.7890840172767639
522 0.7901549935340881
523 0.7912235260009766
524 0.7922895550727844
525 0.7933532595634460
526 0.7944145798683167
527 0.7954733371734619
528 0.7965297698974609
529 0.7975838184356689
530 0.7986353039741516
531 0.7996844649314880
532 0.8007312417030334
533 0.8017755150794983
534 0.8028174042701721
535 0.8038567900657654
536 0.8048936724662781
537 0.8059282302856445
538 0.8069603443145752
539 0.8079897761344910
540 0.8090169429779053
541 0.8100416064262390
542 0.8110637068748474
543 0.8120834231376648
544 0.8131006956100464
545 0.8141153454780579
546 0.8151276707649231
547 0.8161374926567078
548 0.8171448707580566
549 0.8181496262550354
550 0.8191519975662231
551 0.8201519250869751
552 0.8211491703987122
553 0.8221440315246582
554 0.8231362700462341
555 0.8241261243820190
556 0.8251134753227234
557 0.8260982632637024
558 0.8270804286003113
559 0.8280602097511292
560 0.8290374875068665
561 0.8300120830535889
562 0.8309843540191650
563 0.8319540023803711
564 0.8329211473464966
565 0.8338857293128967
566 0.8348478674888611
567 0.8358072638511658
568 0.8367642760276794
569 0.8377186655998230
570 0.8386705517768860
571 0.8396197557449341
572 0.8405665159225464
573 0.8415106534957886
574 0.8424522876739502
575 0.8433914184570312
576 0.8443279266357422
577 0.8452618122100830
578 0.8461931347846985
579 0.8471218347549438
580 0.8480480313301086
581 0.8489716649055481
582 0.8498926758766174
583 0.8508110046386719
584 0.8517268300056458
585 0.8526400923728943
586 0.8535506725311279
587 0.8544586896896362
588 0.8553640842437744
589 0.8562669754028320
590 0.8571673035621643
591 0.8580648303031921
592 0.8589597940444946
593 0.8598522543907166
594 0.8607419729232788
595 0.8616291284561157
596 0.8625136613845825
597 0.8633955717086792
598 0.8642747402191162
599 0.8651513457298279
600 0.8660253286361694
601 0.8668967485427856
602 0.8677653670310974
603 0.8686313629150391
604 0.8694947957992554
605 0.8703556060791016
606 0.8712137937545776
607 0.8720691800117493
608 0.8729220628738403
609 0.8737722039222717
610 0.8746197223663330
611 0.8754644989967346
612 0.8763065338134766
613 0.8771460652351379
614 0.8779829144477844
615 0.8788170814514160
616 0.8796484470367432
617 0.8804772496223450
618 0.8813034296035767
619 0.8821267485618591
620 0.8829475045204163
621 0.8837655782699585
622 0.8845809102058411
623 0.8853936195373535
624 0.8862035870552063
625 0.8870108723640442
626 0.8878153562545776
627 0.8886172175407410
628 0.8894162774085999
629 0.8902127742767334
630 0.8910064697265625
631 0.8917974233627319
632 0.8925857543945312
633 0.8933712840080261
634 0.8941541910171509
635 0.8949342966079712
636 0.8957117199897766
637 0.8964863419532776
638 0.8972583413124084
639 0.8980275392532349
640 0.8987939953804016
641 0.8995577096939087
642 0.9003186821937561
643 0.9010769724845886
644 0.9018325209617615
645 0.9025852084159851
646 0.9033351540565491
647 0.9040824174880981
648 0.9048269391059875
649 0.9055687785148621
650 0.9063076972961426
651 0.9070439338684082
652 0.9077774286270142
653 0.9085081219673157
654 0.9092360138893127
655 0.9099611639976501
656 0.9106835126876831
657 0.9114031195640564
658 0.9121199846267700
659 0.9128341078758240
660 0.9135453701019287
661 0.9142538309097290
662 0.9149595499038696
663 0.9156625270843506
664 0.9163627028465271
665 0.9170600175857544
666 0.9177545905113220
667 0.9184463620185852
668 0.9191353321075439
669 0.9198214411735535
670 0.9205048084259033
671 0.9211852550506592
672 0.9218630194664001
673 0.9225379824638367
674 0.9232101440429688
675 0.9238795042037964
676 0.9245460033416748
677 0.9252097010612488
678 0.9258705973625183
679 0.9265285730361938
680 0.9271837472915649
681 0.9278361797332764
682 0.9284857511520386
683 0.9291324615478516
684 0.9297763705253601
685 0.9304174780845642
686 0.9310557246208191
687 0.9316911697387695
688 0.9323237538337708
689 0.9329534769058228
690 0.9335803389549255
691 0.9342044591903687
692 0.9348257184028625
693 0.9354439973831177
694 0.9360595345497131
695 0.9366722106933594
696 0.9372820258140564
697 0.9378889203071594
698 0.9384930133819580
699 0.9390941858291626
700 0.9396925568580627
701 0.9402881264686584
702 0.9408807754516602
703 0.9414705634117126
704 0.9420573711395264
705 0.9426413774490356
706 0.9432226419448853
707 0.9438009262084961
708 0.9443763494491577
709 0.9449489116668701
710 0.9455185532569885
711 0.9460853934288025
712 0.9466491937637329
713 0.9472102522850037
714 0.9477683305740356
715 0.9483235478401184
716 0.9488759040832520
717 0.9494253993034363
718 0.9499719738960266
719 0.9505156874656677
720 0.9510564804077148
721 0.9515943527221680
722 0.9521293044090271
723 0.9526613950729370
724 0.9531905055046082
725 0.9537168145179749
726 0.9542402029037476
727 0.9547606706619263
728 0.9552782773971558
729 0.9557929635047913
730 0.9563047289848328
731 0.9568135738372803
732 0.9573194980621338
733 0.9578225016593933
734 0.9583225250244141
735 0.9588196873664856
736 0.9593139886856079
737 0.9598052501678467
738 0.9602936506271362
739 0.9607790708541870
740 0.9612616300582886
741 0.9617412090301514
742 0.9622178673744202
743 0.9626916646957397
744 0.9631624817848206
745 0.9636304378509521
746 0.9640954136848450
747 0.9645574092864990
748 0.9650164842605591
749 0.9654725790023804
750 0.9659258127212524
751 0.9663760066032410
752 0.9668233394622803
753 0.9672676920890808
754 0.9677090644836426
755 0.9681475758552551
756 0.9685830473899841
757 0.9690155982971191
758 0.9694452881813049
759 0.9698719978332520
760 0.9702956676483154
761 0.9707164168357849
762 0.9711342453956604
763 0.9715490937232971
764 0.9719610214233398
765 0.9723699092864990
766 0.9727758765220642
767 0.9731788635253906
768 0.9735788702964783
769 0.9739760160446167
770 0.9743700623512268
771 0.9747611880302429
772 0.9751493930816650
773 0.9755345582962036
774 0.9759167432785034
775 0.9762960076332092
776 0.9766722917556763
777 0.9770455360412598
778 0.9774159193038940
779 0.9777832627296448
780 0.9781475663185120
781 0.9785089492797852
782 0.9788673520088196
783 0.9792227149009705
784 0.9795751571655273
785 0.9799246191978455
786 0.9802711009979248
787 0.9806146025657654
788 0.9809551835060120
789 0.9812926650047302
790 0.9816271662712097
791 0.9819586873054504
792 0.9822872281074524
793 0.9826127886772156
794 0.9829353094100952
795 0.9832548499107361
796 0.9835714101791382
797 0.9838849902153015
798 0.9841955304145813
799 0.9845030903816223
800 0.9848076701164246
801 0.9851092100143433
802 0.9854078888893127
803 0.9857034683227539
804 0.9859960079193115
805 0.9862855672836304
806 0.9865721464157104
807 0.9868556857109070
808 0.9871362447738647
809 0.9874137639999390
810 0.9876883029937744
811 0.9879598021507263
812 0.9882283210754395
813 0.9884938597679138
814 0.9887562990188599
815 0.9890158176422119
816 0.9892722964286804
817 0.9895257353782654
818 0.9897761940956116
819 0.9900236129760742
820 0.9902679920196533
821 0.9905093908309937
822 0.9907477498054504
823 0.9909830689430237
824 0.9912154674530029
825 0.9914447665214539
826 0.9916710853576660
827 0.9918943643569946
828 0.9921146631240845
829 0.9923319816589355
830 0.9925461411476135
831 0.9927573800086975
832 0.9929655790328979
833 0.9931707382202148
834 0.9933727979660034
835 0.9935719370841980
836 0.9937679767608643
837 0.9939610362052917
838 0.9941509962081909
839 0.9943379759788513
840 0.9945219159126282
841 0.9947028160095215
842 0.9948806166648865
843 0.9950554370880127
844 0.9952273368835449
845 0.9953961372375488
846 0.9955619573593140
847 0.9957246780395508
848 0.9958844184875488
849 0.9960411190986633
850 0.9961947202682495
851 0.9963453412055969
852 0.9964928627014160
853 0.9966373443603516
854 0.9967788457870483
855 0.9969173073768616
856 0.9970527291297913
857 0.9971850514411926
858 0.9973145127296448
859 0.9974408149719238
860 0.9975640773773193
861 0.9976842403411865
862 0.9978014230728149
863 0.9979155659675598
864 0.9980266690254211
865 0.9981347322463989
866 0.9982397556304932
867 0.9983417391777039
868 0.9984406828880310
869 0.9985365867614746
870 0.9986295104026794
871 0.9987192749977112
872 0.9988061189651489
873 0.9988898634910583
874 0.9989705681800842
875 0.9990482330322266
876 0.9991228580474854
877 0.9991943836212158
878 0.9992629289627075
879 0.9993283748626709
880 0.9993908405303955
881 0.9994502067565918
882 0.9995065331459045
883 0.9995598793029785
884 0.9996101260185242
885 0.9996573328971863
886 0.9997014403343201
887 0.9997426271438599
888 0.9997807145118713
889 0.9998157620429993
890 0.9998477697372437
891 0.9998766779899597
892 0.9999026060104370
893 0.9999254345893860
894 0.9999452233314514
895 0.9999619722366333
896 0.9999756813049316
897 0.9999862909317017
898 0.9999939203262329
899 0.9999984502792358
900 1.0000000000000000
901 0.9999984502792358
902 0.9999939203262329
903 0.9999862909317017
904 0.9999756813049316
905 0.9999619722366333
906 0.9999452233314514
907 0.9999254345893860
908 0.9999026060104370
909 0.9998766779899597
910 0.9998477697372437
911 0.9998157620429993
912 0.9997807145118713
913 0.9997426271438599
914 0.9997014403343201
915 0.9996573328971863
916 0.9996101260185242
917 0.9995598793029785
918 0.9995065331459045
919 0.9994502067565918
920 0.9993908405303955
921 0.9993284344673157
922 0.9992629289627075
923 0.9991943836212158
924 0.9991228580474854
925 0.9990482330322266
926 0.9989705681800842
927 0.9988898634910583
928 0.9988061189651489
929 0.9987192749977112
930 0.9986295104026794
931 0.9985365867614746
932 0.9984406828880310
933 0.9983417391777039
934 0.9982397556304932
935 0.9981347322463989
936 0.9980266690254211
937 0.9979156255722046
938 0.9978014826774597
939 0.9976842999458313
940 0.9975640773773193
941 0.9974408149719238
942 0.9973145127296448
943 0.9971851110458374
944 0.9970527291297913
945 0.9969173073768616
946 0.9967788457870483
947 0.9966374039649963
948 0.9964928627014160
949 0.9963453412055969
950 0.9961947202682495
951 0.9960411190986633
952 0.9958844184875488
953 0.9957247376441956
954 0.9955619573593140
955 0.9953961968421936
956 0.9952273368835449
957 0.9950554966926575
958 0.9948806762695312
959 0.9947028160095215
960 0.9945219159126282
961 0.9943379759788513
962 0.9941510558128357
963 0.9939610362052917
964 0.9937680363655090
965 0.9935719370841980
966 0.9933728575706482
967 0.9931707382202148
968 0.9929655790328979
969 0.9927573800086975
970 0.9925461411476135
971 0.9923319816589355
972 0.9921146631240845
973 0.9918944239616394
974 0.9916711449623108
975 0.9914447665214539
976 0.9912154674530029
977 0.9909831285476685
978 0.9907477498054504
979 0.9905093908309937
980 0.9902680516242981
981 0.9900236129760742
982 0.9897761940956116
983 0.9895257949829102
984 0.9892723560333252
985 0.9890158176422119
986 0.9887562990188599
987 0.9884938597679138
988 0.9882283210754395
989 0.9879598617553711
990 0.9876883029937744
991 0.9874137639999390
992 0.9871362447738647
993 0.9868556857109070
994 0.9865721464157104
995 0.9862855672836304
996 0.9859960675239563
997 0.9857034683227539
998 0.9854079484939575
999 0.9851092696189880
1000 0.9848076701164246
1001 0.9845031499862671
1002 0.9841955304145813
1003 0.9838849902153015
1004 0.9835714697837830
1005 0.9832548499107361
1006 0.9829353094100952
1007 0.9826127886772156
1008 0.9822872877120972
1009 0.9819587469100952
1010 0.9816271662712097
1011 0.9812927246093750
1012 0.9809551835060120
1013 0.9806146621704102
1014 0.9802711009979248
1015 0.9799246191978455
1016 0.9795752167701721
1017 0.9792227745056152
1018 0.9788673520088196
1019 0.9785089492797852
1020 0.9781476259231567
1021 0.9777832627296448
1022 0.9774159193038940
1023 0.9770455956459045
1024 0.9766722917556763
1025 0.9762960076332092
1026 0.9759168028831482
1027 0.9755345582962036
1028 0.9751493930816650
1029 0.9747611880302429
1030 0.9743700623512268
1031 0.9739760160446167
1032 0.9735789299011230
1033 0.9731789231300354
1034 0.9727758765220642
1035 0.9723699688911438
1036 0.9719610214233398
1037 0.9715490937232971
1038 0.9711343050003052
1039 0.9707164764404297
1040 0.9702956676483154
1041 0.9698720574378967
1042 0.9694453477859497
1043 0.9690156579017639
1044 0.9685830473899841
1045 0.9681475758552551
1046 0.9677090644836426
1047 0.9672677516937256
1048 0.9668233394622803
1049 0.9663760066032410
1050 0.9659258127212524
1051 0.9654726386070251
1052 0.9650164842605591
1053 0.9645574092864990
1054 0.9640954732894897
1055 0.9636304378509521
1056 0.9631625413894653
1057 0.9626917243003845
1058 0.9622179269790649
1059 0.9617412090301514
1060 0.9612616300582886
1061 0.9607791304588318
1062 0.9602936506271362
1063 0.9598052501678467
1064 0.9593139886856079
1065 0.9588197469711304
1066 0.9583225846290588
1067 0.9578225016593933
1068 0.9573194980621338
1069 0.9568136334419250
1070 0.9563047289848328
1071 0.9557929635047913
1072 0.9552782773971558
1073 0.9547607302665710
1074 0.9542402625083923
1075 0.9537168741226196
1076 0.9531905651092529
1077 0.9526613950729370
1078 0.9521293640136719
1079 0.9515943527221680
1080 0.9510564804077148
1081 0.9505157470703125
1082 0.9499720335006714
1083 0.9494253993034363
1084 0.9488759636878967
1085 0.9483236074447632
1086 0.9477683901786804
1087 0.9472102522850037
1088 0.9466492533683777
1089 0.9460853934288025
1090 0.9455186128616333
1091 0.9449489712715149
1092 0.9443764090538025
1093 0.9438009858131409
1094 0.9432227015495300
1095 0.9426414370536804
1096 0.9420573711395264
1097 0.9414706230163574
1098 0.9408807754516602
1099 0.9402881860733032
1100 0.9396926164627075
1101 0.9390942454338074
1102 0.9384930133819580
1103 0.9378889799118042
1104 0.9372820258140564
1105 0.9366722106933594
1106 0.9360595345497131
1107 0.9354440569877625
1108 0.9348257780075073
1109 0.9342045187950134
1110 0.9335803985595703
1111 0.9329535365104675
1112 0.9323238134384155
1113 0.9316911697387695
1114 0.9310557246208191
1115 0.9304175376892090
1116 0.9297764301300049
1117 0.9291324615478516
1118 0.9284858107566833
1119 0.9278362393379211
1120 0.9271838068962097
1121 0.9265285730361938
1122 0.9258705973625183
1123 0.9252097010612488
1124 0.9245460629463196
1125 0.9238795042037964
1126 0.9232101440429688
1127 0.9225381016731262
1128 0.9218630790710449
1129 0.9211853742599487
1130 0.9205048084259033
1131 0.9198215007781982
1132 0.9191353321075439
1133 0.9184464216232300
1134 0.9177546501159668
1135 0.9170600771903992
1136 0.9163627028465271
1137 0.9156626462936401
1138 0.9149596691131592
1139 0.9142538309097290
1140 0.9135453701019287
1141 0.9128341078758240
1142 0.9121201038360596
1143 0.9114031791687012
1144 0.9106835722923279
1145 0.9099611639976501
1146 0.9092360734939575
1147 0.9085081815719604
1148 0.9077774286270142
1149 0.9070439934730530
1150 0.9063077569007874
1151 0.9055688381195068
1152 0.9048269391059875
1153 0.9040824770927429
1154 0.9033353328704834
1155 0.9025853276252747
1156 0.9018325209617615
1157 0.9010769724845886
1158 0.9003188014030457
1159 0.8995577692985535
1160 0.8987939953804016
1161 0.8980275392532349
1162 0.8972584009170532
1163 0.8964865207672119
1164 0.8957117199897766
1165 0.8949343562126160
1166 0.8941541910171509
1167 0.8933713436126709
1168 0.8925857543945312
1169 0.8917975425720215
1170 0.8910064697265625
1171 0.8902128338813782
1172 0.8894164562225342
1173 0.8886172175407410
1174 0.8878154754638672
1175 0.8870108723640442
1176 0.8862037062644958
1177 0.8853936195373535
1178 0.8845810294151306
1179 0.8837656974792480
1180 0.8829475641250610
1181 0.8821268677711487
1182 0.8813034296035767
1183 0.8804773688316345
1184 0.8796485662460327
1185 0.8788171410560608
1186 0.8779829144477844
1187 0.8771461248397827
1188 0.8763067126274109
1189 0.8754645586013794
1190 0.8746197223663330
1191 0.8737722039222717
1192 0.8729221224784851
1193 0.8720692992210388
1194 0.8712137937545776
1195 0.8703556060791016
1196 0.8694949150085449
1197 0.8686314821243286
1198 0.8677653670310974
1199 0.8668967485427856
1200 0.8660253286361694
1201 0.8651514649391174
1202 0.8642747402191162
1203 0.8633955717086792
1204 0.8625136613845825
1205 0.8616292476654053
1206 0.8607421517372131
1207 0.8598522543907166
1208 0.8589599132537842
1209 0.8580648303031921
1210 0.8571673631668091
1211 0.8562669754028320
1212 0.8553642034530640
1213 0.8544588088989258
1214 0.8535507321357727
1215 0.8526402115821838
1216 0.8517268300056458
1217 0.8508111238479614
1218 0.8498926758766174
1219 0.8489717245101929
1220 0.8480480313301086
1221 0.8471219539642334
1222 0.8461932539939880
1223 0.8452619314193726
1224 0.8443280458450317
1225 0.8433914184570312
1226 0.8424524068832397
1227 0.8415107727050781
1228 0.8405666351318359
1229 0.8396197557449341
1230 0.8386705517768860
1231 0.8377187848091125
1232 0.8367643356323242
1233 0.8358073830604553
1234 0.8348478674888611
1235 0.8338858485221863
1236 0.8329212069511414
1237 0.8319540023803711
1238 0.8309843540191650
1239 0.8300122022628784
1240 0.8290375471115112
1241 0.8280602097511292
1242 0.8270805478096008
1243 0.8260982632637024
1244 0.8251135349273682
1245 0.8241261243820190
1246 0.8231363892555237
1247 0.8221440315246582
1248 0.8211492896080017
1249 0.8201520442962646
1250 0.8191519975662231
1251 0.8181497454643250
1252 0.8171448707580566
1253 0.8161376118659973
1254 0.8151276707649231
1255 0.8141154646873474
1256 0.8131007552146912
1257 0.8120835423469543
1258 0.8110639452934265
1259 0.8100416064262390
1260 0.8090170621871948
1261 0.8079898953437805
1262 0.8069604039192200
1263 0.8059282302856445
1264 0.8048937916755676
1265 0.8038568496704102
1266 0.8028175234794617
1267 0.8017755746841431
1268 0.8007312417030334
1269 0.7996845841407776
1270 0.7986354231834412
1271 0.7975838184356689
1272 0.7965297698974609
1273 0.7954734563827515
1274 0.7944146990776062
1275 0.7933532595634460
1276 0.7922896742820740
1277 0.7912235260009766
1278 0.7901551127433777
1279 0.7890840172767639
1280 0.7880107164382935
1281 0.7869349122047424
1282 0.7858568429946899
1283 0.7847763895988464
1284 0.7836933732032776
1285 0.7826081514358521
1286 0.7815204858779907
1287 0.7804304957389832
1288 0.7793379426002502
1289 0.7782431840896606
1290 0.7771461009979248
1291 0.7760464549064636
1292 0.7749446034431458
1293 0.7738401293754578
1294 0.7727335691452026
1295 0.7716245055198669
1296 0.7705132365226746
1297 0.7693994045257568
1298 0.7682834267616272
1299 0.7671651840209961
1300 0.7660444378852844
1301 0.7649214863777161
1302 0.7637959718704224
1303 0.7626683712005615
1304 0.7615383267402649
1305 0.7604060769081116
1306 0.7592712044715881
1307 0.7581343054771423
1308 0.7569951415061951
1309 0.7558534741401672
1310 0.7547094821929932
1311 0.7535632848739624
1312 0.7524148821830750
1313 0.7512640953063965
1314 0.7501109838485718
1315 0.7489556074142456
1316 0.7477980852127075
1317 0.7466382980346680
1318 0.7454759478569031
1319 0.7443116307258606
1320 0.7431448101997375
1321 0.7419759035110474
1322 0.7408044934272766
1323 0.7396309971809387
1324 0.7384552955627441
1325 0.7372772693634033
1326 0.7360970973968506
1327 0.7349144816398621
1328 0.7337298393249512
1329 0.7325428724288940
1330 0.7313537597656250
1331 0.7301622033119202
1332 0.7289686799049377
1333 0.7277728915214539
1334 0.7265747189521790
1335 0.7253744602203369
1336 0.7241718173027039
1337 0.7229671478271484
1338 0.7217601537704468
1339 0.7205510735511780
1340 0.7193396091461182
1341 0.7181262373924255
1342 0.7169106602668762
1343 0.7156927585601807
1344 0.7144726514816284
1345 0.7132503986358643
1346 0.7120261192321777
1347 0.7107995152473450
1348 0.7095707058906555
1349 0.7083397507667542
1350 0.7071067094802856
1351 0.7058716416358948
1352 0.7046340703964233
1353 0.7033945918083191
1354 0.7021529078483582
1355 0.7009091973304749
1356 0.6996631026268005
1357 0.6984151601791382
1358 0.6971649527549744
1359 0.6959127783775330
1360 0.6946584582328796
1361 0.6934016942977905
1362 0.6921431422233582
1363 0.6908823251724243
1364 0.6896194815635681
1365 0.6883544325828552
1366 0.6870874166488647
1367 0.6858183145523071
1368 0.6845470070838928
1369 0.6832737922668457
1370 0.6819981932640076
1371 0.6807208061218262
1372 0.6794412136077881
1373 0.6781597137451172
1374 0.6768758296966553
1375 0.6755901575088501
1376 0.6743024587631226
1377 0.6730124950408936
1378 0.6717206239700317
1379 0.6704264283180237
1380 0.6691305637359619
1381 0.6678324341773987
1382 0.6665325164794922
1383 0.6652302145957947
1384 0.6639261841773987
1385 0.6626201868057251
1386 0.6613119840621948
1387 0.6600017547607422
1388 0.6586894989013672
1389 0.6573753952980042
1390 0.6560590863227844
1391 0.6547407507896423
1392 0.6534204483032227
1393 0.6520984172821045
1394 0.6507742404937744
1395 0.6494478583335876
1396 0.6481198072433472
1397 0.6467896103858948
1398 0.6454576253890991
1399 0.6441234350204468
1400 0.6427875161170959
1401 0.6414496302604675
1402 0.6401096582412720
1403 0.6387678980827332
1404 0.6374238729476929
1405 0.6360781788825989
1406 0.6347303986549377
1407 0.6333808898925781
1408 0.6320290565490723
1409 0.6306756734848022
1410 0.6293203830718994
1411 0.6279630064964294
1412 0.6266039013862610
1413 0.6252425909042358
1414 0.6238796710968018
1415 0.6225146651268005
1416 0.6211479306221008
1417 0.6197789907455444
1418 0.6184084415435791
1419 0.6170360445976257
1420 0.6156615018844604
1421 0.6142852306365967
1422 0.6129069328308105
1423 0.6115269660949707
1424 0.6101450324058533
1425 0.6087612509727478
1426 0.6073756217956543
1427 0.6059882640838623
1428 0.6045991182327271
1429 0.6032078266143799
1430 0.6018149852752686
1431 0.6004201769828796
1432 0.5990236401557922
1433 0.5976249575614929
1434 0.5962247848510742
1435 0.5948228836059570
1436 0.5934188365936279
1437 0.5920131802558899
1438 0.5906054377555847
1439 0.5891962647438049
1440 0.5877851247787476
1441 0.5863723158836365
1442 0.5849574804306030
1443 0.5835411548614502
1444 0.5821230411529541
1445 0.5807029604911804
1446 0.5792813301086426
1447 0.5778575539588928
1448 0.5764323472976685
1449 0.5750052928924561
1450 0.5735765099525452
1451 0.5721457004547119
1452 0.5707135200500488
1453 0.5692795515060425
1454 0.5678437352180481
1455 0.5664063692092896
1456 0.5649669170379639
1457 0.5635260939598083
1458 0.5620834231376648
1459 0.5606391429901123
1460 0.5591928362846375
1461 0.5577450990676880
1462 0.5562956333160400
1463 0.5548444986343384
1464 0.5533915162086487
1465 0.5519368648529053
1466 0.5504806637763977
1467 0.5490227341651917
1468 0.5475631356239319
1469 0.5461018085479736
1470 0.5446390509605408
1471 0.5431745648384094
1472 0.5417081713676453
1473 0.5402404069900513
1474 0.5387708544731140
1475 0.5372997522354126
1476 0.5358266830444336
1477 0.5343523025512695
1478 0.5328763127326965
1479 0.5313985347747803
1480 0.5299193263053894
1481 0.5284382104873657
1482 0.5269557833671570
1483 0.5254716277122498
1484 0.5239860415458679
1485 0.5224984884262085
1486 0.5210096836090088
1487 0.5195192694664001
1488 0.5180270671844482
1489 0.5165334939956665
1490 0.5150379538536072
1491 0.5135413408279419
1492 0.5120428204536438
1493 0.5105429887771606
1494 0.5090412497520447
1495 0.5075383186340332
1496 0.5060338377952576
1497 0.5045276880264282
1498 0.5030199885368347
1499 0.5015107393264771
1500 0.5000001192092896
1501 0.4984878301620483
1502 0.4969739913940430
1503 0.4954586029052734
1504 0.4939418435096741
1505 0.4924237430095673
1506 0.4909036457538605
1507 0.4893824160099030
1508 0.4878595471382141
1509 0.4863353669643402
1510 0.4848093986511230
1511 0.4832822978496552
1512 0.4817537367343903
1513 0.4802235364913940
1514 0.4786920249462128
1515 0.4771587252616882
1516 0.4756242930889130
1517 0.4740882515907288
1518 0.4725508987903595
1519 0.4710117876529694
1520 0.4694715142250061
1521 0.4679298102855682
1522 0.4663865566253662
1523 0.4648420810699463
1524 0.4632958769798279
1525 0.4617486000061035
1526 0.4601997435092926
1527 0.4586496651172638
1528 0.4570978581905365
1529 0.4555449485778809
1530 0.4539906680583954
1531 0.4524348080158234
1532 0.4508777260780334
1533 0.4493189752101898
1534 0.4477590918540955
1535 0.4461977183818817
1536 0.4446351826190948
1537 0.4430709481239319
1538 0.4415057301521301
1539 0.4399392008781433
1540 0.4383711516857147
1541 0.4368017911911011
1542 0.4352310597896576
1543 0.4336591660976410
1544 0.4320857822895050
1545 0.4305110871791840
1546 0.4289350509643555
1547 0.4273579418659210
1548 0.4257794022560120
1549 0.4241992533206940
1550 0.4226181805133820
1551 0.4210356771945953
1552 0.4194520711898804
1553 0.4178668856620789
1554 0.4162807464599609
1555 0.4146933555603027
1556 0.4131045043468475
1557 0.4115145802497864
1558 0.4099230468273163
1559 0.4083305895328522
1560 0.4067366719245911
1561 0.4051417708396912
1562 0.4035451412200928
1563 0.4019477069377899
1564 0.4003490507602692
1565 0.3987490236759186
1566 0.3971479833126068
1567 0.3955453932285309
1568 0.3939419686794281
1569 0.3923371434211731
1570 0.3907312750816345
1571 0.3891239166259766
1572 0.3875156641006470
1573 0.3859062194824219
1574 0.3842954337596893
1575 0.3826834261417389
1576 0.3810702860355377
1577 0.3794561624526978
1578 0.3778406977653503
1579 0.3762241303920746
1580 0.3746064305305481
1581 0.3729877769947052
1582 0.3713679611682892
1583 0.3697466850280762
1584 0.3681246340274811
1585 0.3665012419223785
1586 0.3648769259452820
1587 0.3632511198520660
1588 0.3616245090961456
1589 0.3599967658519745
1590 0.3583678901195526
1591 0.3567380309104919
1592 0.3551067411899567
1593 0.3534747660160065
1594 0.3518415391445160
1595 0.3502074182033539
1596 0.3485718965530396
1597 0.3469356596469879
1598 0.3452983498573303
1599 0.3436597883701324
1600 0.3420203626155853
1601 0.3403795361518860
1602 0.3387379646301270
1603 0.3370951712131500
1604 0.3354516327381134
1605 0.3338066339492798
1606 0.3321610093116760
1607 0.3305143713951111
1608 0.3288666009902954
1609 0.3272179961204529
1610 0.3255680501461029
1611 0.3239174783229828
1612 0.3222657442092896
1613 0.3206131756305695
1614 0.3189592659473419
1615 0.3173047304153442
1616 0.3156492114067078
1617 0.3139925301074982
1618 0.3123349249362946
1619 0.3106763064861298
1620 0.3090169727802277
1621 0.3073565363883972
1622 0.3056951463222504
1623 0.3040330708026886
1624 0.3023698627948761
1625 0.3007059395313263
1626 0.2990407049655914
1627 0.2973749339580536
1628 0.2957080602645874
1629 0.2940404415130615
1630 0.2923715412616730
1631 0.2907021045684814
1632 0.2890318334102631
1633 0.2873604595661163
1634 0.2856884002685547
1635 0.2840151488780975
1636 0.2823414206504822
1637 0.2806666195392609
1638 0.2789911925792694
1639 0.2773145437240601
1640 0.2756373882293701
1641 0.2739593982696533
1642 0.2722803950309753
1643 0.2706007063388824
1644 0.2689197957515717
1645 0.2672384083271027
1646 0.2655560672283173
1647 0.2638730704784393
1648 0.2621889412403107
1649 0.2605043947696686
1650 0.2588190734386444
1651 0.2571327984333038
1652 0.2554457187652588
1653 0.2537578940391541
1654 0.2520694732666016
1655 0.2503800690174103
1656 0.2486899048089981
1657 0.2469989657402039
1658 0.2453074306249619
1659 0.2436151206493378
1660 0.2419217973947525
1661 0.2402280122041702
1662 0.2385333478450775
1663 0.2368381470441818
1664 0.2351418882608414
1665 0.2334452867507935
1666 0.2317479848861694
1667 0.2300497889518738
1668 0.2283510863780975
1669 0.2266512960195541
1670 0.2249511778354645
1671 0.2232501655817032
1672 0.2215486466884613
1673 0.2198460549116135
1674 0.2181432694196701
1675 0.2164397090673447
1676 0.2147353291511536
1677 0.2130305022001266
1678 0.2113246768712997
1679 0.2096185833215714
1680 0.2079116702079773
1681 0.2062043249607086
1682 0.2044959664344788
1683 0.2027873545885086
1684 0.2010781019926071
1685 0.1993680298328400
1686 0.1976575255393982
1687 0.1959460079669952
1688 0.1942344903945923
1689 0.1925219446420670
1690 0.1908090412616730
1691 0.1890951991081238
1692 0.1873811781406403
1693 0.1856666058301926
1694 0.1839513033628464
1695 0.1822354495525360
1696 0.1805190294981003
1697 0.1788022518157959
1698 0.1770847290754318
1699 0.1753666698932648
1700 0.1736482232809067
1701 0.1719290614128113
1702 0.1702097207307816
1703 0.1684892922639847
1704 0.1667687445878983
1705 0.1650475263595581
1706 0.1633260101079941
1707 0.1616036295890808
1708 0.1598811447620392
1709 0.1581581830978394
1710 0.1564345359802246
1711 0.1547105908393860
1712 0.1529857963323593
1713 0.1512608975172043
1714 0.1495353132486343
1715 0.1478094309568405
1716 0.1460828632116318
1717 0.1443561166524887
1718 0.1426289528608322
1719 0.1409011930227280
1720 0.1391732096672058
1721 0.1374444365501404
1722 0.1357156187295914
1723 0.1339862197637558
1724 0.1322565823793411
1725 0.1305261552333832
1726 0.1287956982851028
1727 0.1270648241043091
1728 0.1253333538770676
1729 0.1236014664173126
1730 0.1218694075942039
1731 0.1201369166374207
1732 0.1184039115905762
1733 0.1166705712676048
1734 0.1149370893836021
1735 0.1132030934095383
1736 0.1114689484238625
1737 0.1097341030836105
1738 0.1079993024468422
1739 0.1062639877200127
1740 0.1045285239815712
1741 0.1027923598885536
1742 0.1010562330484390
1743 0.0993197783827782
1744 0.0975829288363457
1745 0.0958458632230759
1746 0.0941081568598747
1747 0.0923705622553825
1748 0.0906325131654739
1749 0.0888943895697594
1750 0.0871556252241135
1751 0.0854169651865959
1752 0.0836780443787575
1753 0.0819386690855026
1754 0.0801992192864418
1755 0.0784591287374496
1756 0.0767191424965858
1757 0.0749787092208862
1758 0.0732383728027344
1759 0.0714972764253616
1760 0.0697563737630844
1761 0.0680152848362923
1762 0.0662738233804703
1763 0.0645323693752289
1764 0.0627903565764427
1765 0.0610485374927521
1766 0.0593063458800316
1767 0.0575641579926014
1768 0.0558214113116264
1769 0.0540788546204567
1770 0.0523361153900623
1771 0.0505930110812187
1772 0.0488498099148273
1773 0.0471063740551472
1774 0.0453630127012730
1775 0.0436193495988846
1776 0.0418755672872066
1777 0.0401318594813347
1778 0.0383878499269485
1779 0.0366439074277878
1780 0.0348994806408882
1781 0.0331553071737289
1782 0.0314108319580555
1783 0.0296664312481880
1784 0.0279215369373560
1785 0.0261769033968449
1786 0.0244324207305908
1787 0.0226874127984047
1788 0.0209425594657660
1789 0.0191972982138395
1790 0.0174523778259754
1791 0.0157072357833385
1792 0.0139622474089265
1793 0.0122168511152267
1794 0.0104717947542667
1795 0.0087267039343715
1796 0.0069813937880099
1797 0.0052362363785505
1798 0.0034906708169729
1799 0.0017454458866268
1800 0.0000000000000000
1801 -0.0017450713785365
1802 -0.0034906708169729
1803 -0.0052358619868755
1804 -0.0069810189306736
1805 -0.0087263295426965
1806 -0.0104716066271067
1807 -0.0122168511152267
1808 -0.0139618730172515
1809 -0.0157070476561785
1810 -0.0174521896988153
1811 -0.0191971119493246
1812 -0.0209421850740910
1813 -0.0226870402693748
1814 -0.0244322344660759
1815 -0.0261767152696848
1816 -0.0279215369373560
1817 -0.0296660568565130
1818 -0.0314108319580555
1819 -0.0331551209092140
1820 -0.0348992906510830
1821 -0.0366435348987579
1822 -0.0383874736726284
1823 -0.0401316732168198
1824 -0.0418753810226917
1825 -0.0436191633343697
1826 -0.0453626401722431
1827 -0.0471063740551472
1828 -0.0488496199250221
1829 -0.0505926348268986
1830 -0.0523357428610325
1831 -0.0540784820914268
1832 -0.0558214113116264
1833 -0.0575637817382812
1834 -0.0593061596155167
1835 -0.0610481649637222
1836 -0.0627903565764427
1837 -0.0645319968461990
1838 -0.0662734508514404
1839 -0.0680149123072624
1840 -0.0697560012340546
1841 -0.0714972764253616
1842 -0.0732380002737045
1843 -0.0749785229563713
1844 -0.0767187699675560
1845 -0.0784589424729347
1846 -0.0801988467574120
1847 -0.0819382965564728
1848 -0.0836776718497276
1849 -0.0854167789220810
1850 -0.0871556252241135
1851 -0.0888940170407295
1852 -0.0906323269009590
1853 -0.0923703759908676
1854 -0.0941079705953598
1855 -0.0958454906940460
1856 -0.0975825563073158
1857 -0.0993195921182632
1858 -0.1010560467839241
1859 -0.1027923598885536
1860 -0.1045281514525414
1861 -0.1062639877200127
1862 -0.1079991161823273
1863 -0.1097339168190956
1864 -0.1114685758948326
1865 -0.1132027208805084
1866 -0.1149369031190872
1867 -0.1166703850030899
1868 -0.1184037253260612
1869 -0.1201365441083908
1870 -0.1218694075942039
1871 -0.1236012801527977
1872 -0.1253329813480377
1873 -0.1270644515752792
1874 -0.1287953257560730
1875 -0.1305261552333832
1876 -0.1322562098503113
1877 -0.1339860260486603
1878 -0.1357152611017227
1879 -0.1374444365501404
1880 -0.1391728371381760
1881 -0.1409008204936981
1882 -0.1426285803318024
1883 -0.1443559378385544
1884 -0.1460828632116318
1885 -0.1478090584278107
1886 -0.1495351344347000
1887 -0.1512607038021088
1888 -0.1529856175184250
1889 -0.1547102183103561
1890 -0.1564341634511948
1891 -0.1581579893827438
1892 -0.1598809659481049
1893 -0.1616036295890808
1894 -0.1633256375789642
1895 -0.1650475263595581
1896 -0.1667685508728027
1897 -0.1684890985488892
1898 -0.1702093482017517
1899 -0.1719286888837814
1900 -0.1736480444669724
1901 -0.1753664761781693
1902 -0.1770845502614975
1903 -0.1788018792867661
1904 -0.1805190294981003
1905 -0.1822352707386017
1906 -0.1839509308338165
1907 -0.1856662482023239
1908 -0.1873808056116104
1909 -0.1890951991081238
1910 -0.1908086687326431
1911 -0.1925217658281326
1912 -0.1942341327667236
1913 -0.1959460079669952
1914 -0.1976571530103683
1915 -0.1993676722049713
1916 -0.2010777443647385
1917 -0.2027869820594788
1918 -0.2044959664344788
1919 -0.2062039524316788
1920 -0.2079114913940430
1921 -0.2096182107925415
1922 -0.2113244831562042
1923 -0.2130301296710968
1924 -0.2147349566221237
1925 -0.2164393365383148
1926 -0.2181430906057358
1927 -0.2198460549116135
1928 -0.2215482741594315
1929 -0.2232499867677689
1930 -0.2249509990215302
1931 -0.2266511172056198
1932 -0.2283507138490677
1933 -0.2300494313240051
1934 -0.2317478060722351
1935 -0.2334451079368591
1936 -0.2351418882608414
1937 -0.2368377894163132
1938 -0.2385333478450775
1939 -0.2402278333902359
1940 -0.2419216185808182
1941 -0.2436147481203079
1942 -0.2453070729970932
1943 -0.2469989657402039
1944 -0.2486897259950638
1945 -0.2503798902034760
1946 -0.2520690858364105
1947 -0.2537578940391541
1948 -0.2554455399513245
1949 -0.2571324110031128
1950 -0.2588187158107758
1951 -0.2605040371417999
1952 -0.2621889412403107
1953 -0.2638727128505707
1954 -0.2655558884143829
1955 -0.2672380506992340
1956 -0.2689197957515717
1957 -0.2706003189086914
1958 -0.2722800076007843
1959 -0.2739590406417847
1960 -0.2756372094154358
1961 -0.2773145437240601
1962 -0.2789908349514008
1963 -0.2806664407253265
1964 -0.2823412418365479
1965 -0.2840149700641632
1966 -0.2856880724430084
1967 -0.2873601019382477
1968 -0.2890316545963287
1969 -0.2907019257545471
1970 -0.2923715412616730
1971 -0.2940400838851929
1972 -0.2957080602645874
1973 -0.2973747551441193
1974 -0.2990405261516571
1975 -0.3007055819034576
1976 -0.3023695051670074
1977 -0.3040328919887543
1978 -0.3056949675083160
1979 -0.3073563575744629
1980 -0.3090166151523590
1981 -0.3106763064861298
1982 -0.3123347461223602
1983 -0.3139921724796295
1984 -0.3156488835811615
1985 -0.3173044025897980
1986 -0.3189592659473419
1987 -0.3206128180027008
1988 -0.3222655653953552
1989 -0.3239171206951141
1990 -0.3255680501461029
1991 -0.3272176384925842
1992 -0.3288662433624268
1993 -0.3305140137672424
1994 -0.3321606516838074
1995 -0.3338066339492798
1996 -0.3354512751102448
1997 -0.3370949923992157
1998 -0.3387376070022583
1999 -0.3403793573379517
2000 -0.3420200049877167
2001 -0.3436594605445862
2002 -0.3452979922294617
2003 -0.3469354808330536
2004 -0.3485718965530396
2005 -0.3502070903778076
2006 -0.3518413603305817
2007 -0.3534745872020721
2008 -0.3551065921783447
2009 -0.3567376732826233
2010 -0.3583675622940063
2011 -0.3599966168403625
2012 -0.3616243302822113
2013 -0.3632511198520660
2014 -0.3648765683174133
2015 -0.3665012419223785
2016 -0.3681244552135468
2017 -0.3697465062141418
2018 -0.3713676035404205
2019 -0.3729874193668365
2020 -0.3746064305305481
2021 -0.3762239515781403
2022 -0.3778405189514160
2023 -0.3794558048248291
2024 -0.3810702860355377
2025 -0.3826833069324493
2026 -0.3842950761318207
2027 -0.3859058916568756
2028 -0.3875153362751007
2029 -0.3891239166259766
2030 -0.3907309472560883
2031 -0.3923369646072388
2032 -0.3939416110515594
2033 -0.3955452144145966
2034 -0.3971476554870605
2035 -0.3987486958503723
2036 -0.4003486931324005
2037 -0.4019475281238556
2038 -0.4035451412200928
2039 -0.4051414132118225
2040 -0.4067365229129791
2041 -0.4083304107189178
2042 -0.4099228680133820
2043 -0.4115142524242401
2044 -0.4131041765213013
2045 -0.4146931767463684
2046 -0.4162805676460266
2047 -0.4178668856620789
2048 -0.4194517433643341
2049 -0.4210356771945953
2050 -0.4226180315017700
2051 -0.4241990745067596
2052 -0.4257790744304657
2053 -0.4273576140403748
2054 -0.4289350509643555
2055 -0.4305109083652496
2056 -0.4320856332778931
2057 -0.4336588382720947
2058 -0.4352310597896576
2059 -0.4368016123771667
2060 -0.4383708238601685
2061 -0.4399388730525970
2062 -0.4415054023265839
2063 -0.4430709481239319
2064 -0.4446348547935486
2065 -0.4461975395679474
2066 -0.4477587640285492
2067 -0.4493189752101898
2068 -0.4508773684501648
2069 -0.4524344801902771
2070 -0.4539903402328491
2071 -0.4555446207523346
2072 -0.4570978581905365
2073 -0.4586493372917175
2074 -0.4601995646953583
2075 -0.4617482721805573
2076 -0.4632956981658936
2077 -0.4648417532444000
2078 -0.4663862287998199
2079 -0.4679294824600220
2080 -0.4694713354110718
2081 -0.4710117876529694
2082 -0.4725505709648132
2083 -0.4740881025791168
2084 -0.4756241440773010
2085 -0.4771585762500763
2086 -0.4786916971206665
2087 -0.4802232086658478
2088 -0.4817535579204559
2089 -0.4832821488380432
2090 -0.4848093986511230
2091 -0.4863350391387939
2092 -0.4878595471382141
2093 -0.4893822371959686
2094 -0.4909034669399261
2095 -0.4924234151840210
2096 -0.4939415156841278
2097 -0.4954586029052734
2098 -0.4969738125801086
2099 -0.4984876513481140
2100 -0.4999998211860657
2101 -0.5015107393264771
2102 -0.5030198097229004
2103 -0.5045273900032043
2104 -0.5060335397720337
2105 -0.5075379610061646
2106 -0.5090412497520447
2107 -0.5105426311492920
2108 -0.5120427012443542
2109 -0.5135409832000732
2110 -0.5150377750396729
2111 -0.5165331363677979
2112 -0.5180267691612244
2113 -0.5195189714431763
2114 -0.5210095047950745
2115 -0.5224984884262085
2116 -0.5239856839179993
2117 -0.5254714488983154
2118 -0.5269556045532227
2119 -0.5284380316734314
2120 -0.5299190282821655
2121 -0.5313982367515564
2122 -0.5328761339187622
2123 -0.5343521237373352
2124 -0.5358266830444336
2125 -0.5372994542121887
2126 -0.5387708544731140
2127 -0.5402402281761169
2128 -0.5417079925537109
2129 -0.5431742668151855
2130 -0.5446387529373169
2131 -0.5461018085479736
2132 -0.5475629568099976
2133 -0.5490225553512573
2134 -0.5504803657531738
2135 -0.5519368648529053
2136 -0.5533913373947144
2137 -0.5548442006111145
2138 -0.5562953352928162
2139 -0.5577448010444641
2140 -0.5591928362846375
2141 -0.5606388449668884
2142 -0.5620832443237305
2143 -0.5635257959365845
2144 -0.5649666190147400
2145 -0.5664060711860657
2146 -0.5678434371948242
2147 -0.5692792534828186
2148 -0.5707132220268250
2149 -0.5721457004547119
2150 -0.5735762119293213
2151 -0.5750051140785217
2152 -0.5764320492744446
2153 -0.5778573751449585
2154 -0.5792810320854187
2155 -0.5807026624679565
2156 -0.5821227431297302
2157 -0.5835409760475159
2158 -0.5849574804306030
2159 -0.5863720178604126
2160 -0.5877849459648132
2161 -0.5891960859298706
2162 -0.5906053185462952
2163 -0.5920128822326660
2164 -0.5934185385704041
2165 -0.5948227643966675
2166 -0.5962246060371399
2167 -0.5976249575614929
2168 -0.5990233421325684
2169 -0.6004201769828796
2170 -0.6018148660659790
2171 -0.6032076478004456
2172 -0.6045988202095032
2173 -0.6059879660606384
2174 -0.6073756217956543
2175 -0.6087610721588135
2176 -0.6101449131965637
2177 -0.6115266680717468
2178 -0.6129069328308105
2179 -0.6142850518226624
2180 -0.6156612038612366
2181 -0.6170357465744019
2182 -0.6184081435203552
2183 -0.6197789907455444
2184 -0.6211476325988770
2185 -0.6225145459175110
2186 -0.6238793730735779
2187 -0.6252424120903015
2188 -0.6266036033630371
2189 -0.6279627084732056
2190 -0.6293200850486755
2191 -0.6306755542755127
2192 -0.6320290565490723
2193 -0.6333805918693542
2194 -0.6347302198410034
2195 -0.6360780000686646
2196 -0.6374237537384033
2197 -0.6387676000595093
2198 -0.6401093602180481
2199 -0.6414495110511780
2200 -0.6427873373031616
2201 -0.6441234350204468
2202 -0.6454573273658752
2203 -0.6467896103858948
2204 -0.6481196284294128
2205 -0.6494477391242981
2206 -0.6507739424705505
2207 -0.6520981192588806
2208 -0.6534204483032227
2209 -0.6547406315803528
2210 -0.6560589671134949
2211 -0.6573750972747803
2212 -0.6586894989013672
2213 -0.6600016355514526
2214 -0.6613116860389709
2215 -0.6626198887825012
2216 -0.6639259457588196
2217 -0.6652302145957947
2218 -0.6665322184562683
2219 -0.6678323149681091
2220 -0.6691302657127380
2221 -0.6704261898994446
2222 -0.6717203259468079
2223 -0.6730121970176697
2224 -0.6743021607398987
2225 -0.6755898594856262
2226 -0.6768758296966553
2227 -0.6781594157218933
2228 -0.6794410943984985
2229 -0.6807205677032471
2230 -0.6819980740547180
2231 -0.6832734942436218
2232 -0.6845467686653137
2233 -0.6858180761337280
2234 -0.6870872974395752
2235 -0.6883544325828552
2236 -0.6896192431449890
2237 -0.6908822059631348
2238 -0.6921430230140686
2239 -0.6934015750885010
2240 -0.6946581602096558
2241 -0.6959124803543091
2242 -0.6971649527549744
2243 -0.6984150409698486
2244 -0.6996631026268005
2245 -0.7009089589118958
2246 -0.7021529078483582
2247 -0.7033944725990295
2248 -0.7046339511871338
2249 -0.7058714032173157
2250 -0.7071066498756409
2251 -0.7083397507667542
2252 -0.7095705866813660
2253 -0.7107993960380554
2254 -0.7120258212089539
2255 -0.7132501602172852
2256 -0.7144725322723389
2257 -0.7156925201416016
2258 -0.7169103622436523
2259 -0.7181259393692017
2260 -0.7193396091461182
2261 -0.7205508351325989
2262 -0.7217600345611572
2263 -0.7229669094085693
2264 -0.7241716980934143
2265 -0.7253742218017578
2266 -0.7265744805335999
2267 -0.7277725934982300
2268 -0.7289685010910034
2269 -0.7301622033119202
2270 -0.7313535213470459
2271 -0.7325427532196045
2272 -0.7337297201156616
2273 -0.7349143624305725
2274 -0.7360968589782715
2275 -0.7372770309448242
2276 -0.7384551763534546
2277 -0.7396308779716492
2278 -0.7408044934272766
2279 -0.7419756650924683
2280 -0.7431448101997375
2281 -0.7443114519119263
2282 -0.7454758286476135
2283 -0.7466380596160889
2284 -0.7477978467941284
2285 -0.7489556074142456
2286 -0.7501108646392822
2287 -0.7512639164924622
2288 -0.7524146437644958
2289 -0.7535632848739624
2290 -0.7547093629837036
2291 -0.7558532357215881
2292 -0.7569949030876160
2293 -0.7581340670585632
2294 -0.7592709660530090
2295 -0.7604059576988220
2296 -0.7615382075309753
2297 -0.7626681327819824
2298 -0.7637957334518433
2299 -0.7649211287498474
2300 -0.7660443186759949
2301 -0.7671648859977722
2302 -0.7682831883430481
2303 -0.7693992257118225
2304 -0.7705131173133850
2305 -0.7716243863105774
2306 -0.7727333307266235
2307 -0.7738400101661682
2308 -0.7749442458152771
2309 -0.7760463356971741
2310 -0.7771458625793457
2311 -0.7782430648803711
2312 -0.7793378233909607
2313 -0.7804303765296936
2314 -0.7815203666687012
2315 -0.7826080322265625
2316 -0.7836932539939880
2317 -0.7847760915756226
2318 -0.7858567237854004
2319 -0.7869349122047424
2320 -0.7880105972290039
2321 -0.7890838980674744
2322 -0.7901549935340881
2323 -0.7912235260009766
2324 -0.7922895550727844
2325 -0.7933531403541565
2326 -0.7944143414497375
2327 -0.7954734563827515
2328 -0.7965297698974609
2329 -0.7975836992263794
2330 -0.7986351847648621
2331 -0.7996845841407776
2332 -0.8007312417030334
2333 -0.8017755150794983
2334 -0.8028172850608826
2335 -0.8038565516471863
2336 -0.8048937916755676
2337 -0.8059282302856445
2338 -0.8069602251052856
2339 -0.8079897165298462
2340 -0.8090170621871948
2341 -0.8100416064262390
2342 -0.8110637068748474
2343 -0.8120833039283752
2344 -0.8131004571914673
2345 -0.8141154646873474
2346 -0.8151276707649231
2347 -0.8161373734474182
2348 -0.8171446323394775
2349 -0.8181493878364563
2350 -0.8191519975662231
2351 -0.8201518058776855
2352 -0.8211490511894226
2353 -0.8221438527107239
2354 -0.8231363892555237
2355 -0.8241261243820190
2356 -0.8251133561134338
2357 -0.8260980844497681
2358 -0.8270801901817322
2359 -0.8280602097511292
2360 -0.8290373682975769
2361 -0.8300119638442993
2362 -0.8309841156005859
2363 -0.8319540023803711
2364 -0.8329211473464966
2365 -0.8338856697082520
2366 -0.8348476290702820
2367 -0.8358070850372314
2368 -0.8367642760276794
2369 -0.8377185463905334
2370 -0.8386703133583069
2371 -0.8396195769309998
2372 -0.8405665159225464
2373 -0.8415106534957886
2374 -0.8424521684646606
2375 -0.8433911800384521
2376 -0.8443277478218079
2377 -0.8452618122100830
2378 -0.8461930751800537
2379 -0.8471217751502991
2380 -0.8480479717254639
2381 -0.8489716649055481
2382 -0.8498925566673279
2383 -0.8508108854293823
2384 -0.8517267107963562
2385 -0.8526399135589600
2386 -0.8535506725311279
2387 -0.8544585704803467
2388 -0.8553640842437744
2389 -0.8562668561935425
2390 -0.8571673035621643
2391 -0.8580647110939026
2392 -0.8589597940444946
2393 -0.8598521351814270
2394 -0.8607418537139893
2395 -0.8616291284561157
2396 -0.8625136613845825
2397 -0.8633954524993896
2398 -0.8642746210098267
2399 -0.8651513457298279
2400 -0.8660253286361694
2401 -0.8668966293334961
2402 -0.8677652478218079
2403 -0.8686312437057495
2404 -0.8694949150085449
2405 -0.8703556060791016
2406 -0.8712136745452881
2407 -0.8720690608024597
2408 -0.8729221224784851
2409 -0.8737722039222717
2410 -0.8746196031570435
2411 -0.8754643797874451
2412 -0.8763064742088318
2413 -0.8771461248397827
2414 -0.8779829144477844
2415 -0.8788169622421265
2416 -0.8796483874320984
2417 -0.8804773688316345
2418 -0.8813034296035767
2419 -0.8821266889572144
2420 -0.8829473853111267
2421 -0.8837654590606689
2422 -0.8845810294151306
2423 -0.8853936195373535
2424 -0.8862035274505615
2425 -0.8870107531547546
2426 -0.8878152370452881
2427 -0.8886172175407410
2428 -0.8894162774085999
2429 -0.8902126550674438
2430 -0.8910063505172729
2431 -0.8917975425720215
2432 -0.8925857543945312
2433 -0.8933711647987366
2434 -0.8941540122032166
2435 -0.8949341177940369
2436 -0.8957117199897766
2437 -0.8964863419532776
2438 -0.8972582221031189
2439 -0.8980273604393005
2440 -0.8987939953804016
2441 -0.8995577096939087
2442 -0.9003186225891113
2443 -0.9010767936706543
2444 -0.9018322229385376
2445 -0.9025852084159851
2446 -0.9033351540565491
2447 -0.9040822982788086
2448 -0.9048268198966980
2449 -0.9055687785148621
2450 -0.9063076972961426
2451 -0.9070438742637634
2452 -0.9077772498130798
2453 -0.9085080027580261
2454 -0.9092360138893127
2455 -0.9099611043930054
2456 -0.9106833934783936
2457 -0.9114030599594116
2458 -0.9121199846267700
2459 -0.9128340482711792
2460 -0.9135453104972839
2461 -0.9142537713050842
2462 -0.9149594902992249
2463 -0.9156625270843506
2464 -0.9163627028465271
2465 -0.9170600175857544
2466 -0.9177545309066772
2467 -0.9184463620185852
2468 -0.9191352725028992
2469 -0.9198214411735535
2470 -0.9205046892166138
2471 -0.9211851954460144
2472 -0.9218630194664001
2473 -0.9225379824638367
2474 -0.9232100844383240
2475 -0.9238793849945068
2476 -0.9245460033416748
2477 -0.9252097010612488
2478 -0.9258705377578735
2479 -0.9265285134315491
2480 -0.9271836876869202
2481 -0.9278362393379211
2482 -0.9284857511520386
2483 -0.9291324019432068
2484 -0.9297763109207153
2485 -0.9304175376892090
2486 -0.9310557246208191
2487 -0.9316911101341248
2488 -0.9323236942291260
2489 -0.9329534173011780
2490 -0.9335803985595703
2491 -0.9342044591903687
2492 -0.9348255991935730
2493 -0.9354439377784729
2494 -0.9360595941543579
2495 -0.9366722106933594
2496 -0.9372819662094116
2497 -0.9378888607025146
2498 -0.9384928941726685
2499 -0.9390942454338074
2500 -0.9396925568580627
2501 -0.9402880072593689
2502 -0.9408806562423706
2503 -0.9414703845977783
2504 -0.9420573711395264
2505 -0.9426413774490356
2506 -0.9432225823402405
2507 -0.9438008069992065
2508 -0.9443764090538025
2509 -0.9449489116668701
2510 -0.9455184936523438
2511 -0.9460852742195129
2512 -0.9466490745544434
2513 -0.9472102522850037
2514 -0.9477683305740356
2515 -0.9483234882354736
2516 -0.9488757848739624
2517 -0.9494253993034363
2518 -0.9499719738960266
2519 -0.9505156278610229
2520 -0.9510563611984253
2521 -0.9515942335128784
2522 -0.9521293044090271
2523 -0.9526613950729370
2524 -0.9531905055046082
2525 -0.9537167549133301
2526 -0.9542402029037476
2527 -0.9547606706619263
2528 -0.9552782177925110
2529 -0.9557928442955017
2530 -0.9563046097755432
2531 -0.9568135738372803
2532 -0.9573194384574890
2533 -0.9578224420547485
2534 -0.9583224654197693
2535 -0.9588196873664856
2536 -0.9593139290809631
2537 -0.9598051905632019
2538 -0.9602935910224915
2539 -0.9607790112495422
2540 -0.9612616300582886
2541 -0.9617412090301514
2542 -0.9622178673744202
2543 -0.9626916050910950
2544 -0.9631624817848206
2545 -0.9636303782463074
2546 -0.9640954136848450
2547 -0.9645574092864990
2548 -0.9650164246559143
2549 -0.9654725790023804
2550 -0.9659258127212524
2551 -0.9663760066032410
2552 -0.9668232798576355
2553 -0.9672676920890808
2554 -0.9677090644836426
2555 -0.9681475162506104
2556 -0.9685829877853394
2557 -0.9690155386924744
2558 -0.9694453477859497
2559 -0.9698719978332520
2560 -0.9702956080436707
2561 -0.9707163572311401
2562 -0.9711343050003052
2563 -0.9715490937232971
2564 -0.9719609618186951
2565 -0.9723698496818542
2566 -0.9727758169174194
2567 -0.9731789231300354
2568 -0.9735788702964783
2569 -0.9739759564399719
2570 -0.9743700027465820
2571 -0.9747612476348877
2572 -0.9751493930816650
2573 -0.9755345582962036
2574 -0.9759166836738586
2575 -0.9762959480285645
2576 -0.9766722917556763
2577 -0.9770455360412598
2578 -0.9774158596992493
2579 -0.9777831435203552
2580 -0.9781475067138672
2581 -0.9785089492797852
2582 -0.9788673520088196
2583 -0.9792227149009705
2584 -0.9795750975608826
2585 -0.9799246191978455
2586 -0.9802711009979248
2587 -0.9806145429611206
2588 -0.9809550642967224
2589 -0.9812926054000854
2590 -0.9816271662712097
2591 -0.9819586873054504
2592 -0.9822872281074524
2593 -0.9826127290725708
2594 -0.9829353094100952
2595 -0.9832548499107361
2596 -0.9835713505744934
2597 -0.9838849306106567
2598 -0.9841954708099365
2599 -0.9845030903816223
2600 -0.9848076701164246
2601 -0.9851092100143433
2602 -0.9854078292846680
2603 -0.9857034683227539
2604 -0.9859960079193115
2605 -0.9862855672836304
2606 -0.9865720868110657
2607 -0.9868556261062622
2608 -0.9871362447738647
2609 -0.9874137639999390
2610 -0.9876882433891296
2611 -0.9879598021507263
2612 -0.9882283210754395
2613 -0.9884938001632690
2614 -0.9887562990188599
2615 -0.9890158176422119
2616 -0.9892722964286804
2617 -0.9895257353782654
2618 -0.9897761940956116
2619 -0.9900236129760742
2620 -0.9902679920196533
2621 -0.9905093908309937
2622 -0.9907477498054504
2623 -0.9909830689430237
2624 -0.9912154078483582
2625 -0.9914447069168091
2626 -0.9916710853576660
2627 -0.9918943643569946
2628 -0.9921146631240845
2629 -0.9923319220542908
2630 -0.9925461411476135
2631 -0.9927573800086975
2632 -0.9929655194282532
2633 -0.9931706786155701
2634 -0.9933727979660034
2635 -0.9935719370841980
2636 -0.9937679767608643
2637 -0.9939609766006470
2638 -0.9941509962081909
2639 -0.9943379759788513
2640 -0.9945219159126282
2641 -0.9947028160095215
2642 -0.9948806166648865
2643 -0.9950554370880127
2644 -0.9952273368835449
2645 -0.9953961372375488
2646 -0.9955619573593140
2647 -0.9957246780395508
2648 -0.9958843588829041
2649 -0.9960411190986633
2650 -0.9961947202682495
2651 -0.9963452816009521
2652 -0.9964928627014160
2653 -0.9966374039649963
2654 -0.9967788457870483
2655 -0.9969173073768616
2656 -0.9970526695251465
2657 -0.9971850514411926
2658 -0.9973145127296448
2659 -0.9974408149719238
2660 -0.9975640773773193
2661 -0.9976842403411865
2662 -0.9978014826774597
2663 -0.9979155659675598
2664 -0.9980266690254211
2665 -0.9981347322463989
2666 -0.9982397556304932
2667 -0.9983417391777039
2668 -0.9984406828880310
2669 -0.9985365867614746
2670 -0.9986294507980347
2671 -0.9987192749977112
2672 -0.9988061189651489
2673 -0.9988898634910583
2674 -0.9989705681800842
2675 -0.9990481734275818
2676 -0.9991228580474854
2677 -0.9991943836212158
2678 -0.9992629289627075
2679 -0.9993283748626709
2680 -0.9993908405303955
2681 -0.9994502067565918
2682 -0.9995065331459045
2683 -0.9995598196983337
2684 -0.9996101260185242
2685 -0.9996573328971863
2686 -0.9997014403343201
2687 -0.9997426271438599
2688 -0.9997807145118713
2689 -0.9998157620429993
2690 -0.9998477697372437
2691 -0.9998766779899597
2692 -0.9999026060104370
2693 -0.9999254345893860
2694 -0.9999452233314514
2695 -0.9999619722366333
2696 -0.9999756813049316
2697 -0.9999862909317017
2698 -0.9999939203262329
2699 -0.9999984502792358
2700 -1.0000000000000000
2701 -0.9999984502792358
2702 -0.9999939203262329
2703 -0.9999862909317017
2704 -0.9999756813049316
2705 -0.9999619722366333
2706 -0.9999452233314514
2707 -0.9999254345893860
2708 -0.9999026060104370
2709 -0.9998766779899597
2710 -0.9998477697372437
2711 -0.9998157620429993
2712 -0.9997807145118713
2713 -0.9997426271438599
2714 -0.9997014403343201
2715 -0.9996573328971863
2716 -0.9996101260185242
2717 -0.9995598793029785
2718 -0.9995065331459045
2719 -0.9994502067565918
2720 -0.9993908405303955
2721 -0.9993283748626709
2722 -0.9992629289627075
2723 -0.9991944432258606
2724 -0.9991228580474854
2725 -0.9990482330322266
2726 -0.9989705681800842
2727 -0.9988898634910583
2728 -0.9988061189651489
2729 -0.9987193346023560
2730 -0.9986295104026794
2731 -0.9985365867614746
2732 -0.9984407424926758
2733 -0.9983417391777039
2734 -0.9982398152351379
2735 -0.9981347322463989
2736 -0.9980266690254211
2737 -0.9979156255722046
2738 -0.9978014826774597
2739 -0.9976842403411865
2740 -0.9975640773773193
2741 -0.9974408149719238
2742 -0.9973145723342896
2743 -0.9971851110458374
2744 -0.9970527291297913
2745 -0.9969173073768616
2746 -0.9967789053916931
2747 -0.9966374039649963
2748 -0.9964928627014160
2749 -0.9963453412055969
2750 -0.9961947798728943
2751 -0.9960411190986633
2752 -0.9958844780921936
2753 -0.9957247376441956
2754 -0.9955619573593140
2755 -0.9953961968421936
2756 -0.9952273964881897
2757 -0.9950554966926575
2758 -0.9948806762695312
2759 -0.9947028160095215
2760 -0.9945219755172729
2761 -0.9943379759788513
2762 -0.9941510558128357
2763 -0.9939610362052917
2764 -0.9937680363655090
2765 -0.9935719370841980
2766 -0.9933728575706482
2767 -0.9931707382202148
2768 -0.9929655790328979
2769 -0.9927573800086975
2770 -0.9925462007522583
2771 -0.9923319816589355
2772 -0.9921146631240845
2773 -0.9918944239616394
2774 -0.9916711449623108
2775 -0.9914447665214539
2776 -0.9912154674530029
2777 -0.9909831285476685
2778 -0.9907478094100952
2779 -0.9905094504356384
2780 -0.9902680516242981
2781 -0.9900236129760742
2782 -0.9897762537002563
2783 -0.9895257949829102
2784 -0.9892723560333252
2785 -0.9890158176422119
2786 -0.9887563586235046
2787 -0.9884938597679138
2788 -0.9882283806800842
2789 -0.9879598021507263
2790 -0.9876883029937744
2791 -0.9874138236045837
2792 -0.9871363043785095
2793 -0.9868556857109070
2794 -0.9865721464157104
2795 -0.9862856268882751
2796 -0.9859960675239563
2797 -0.9857035279273987
2798 -0.9854078888893127
2799 -0.9851092696189880
2800 -0.9848077297210693
2801 -0.9845031499862671
2802 -0.9841956496238708
2803 -0.9838849902153015
2804 -0.9835714697837830
2805 -0.9832549095153809
2806 -0.9829353690147400
2807 -0.9826127886772156
2808 -0.9822872877120972
2809 -0.9819588065147400
2810 -0.9816272258758545
2811 -0.9812927842140198
2812 -0.9809551835060120
2813 -0.9806146621704102
2814 -0.9802711606025696
2815 -0.9799247384071350
2816 -0.9795751571655273
2817 -0.9792227745056152
2818 -0.9788674116134644
2819 -0.9785090088844299
2820 -0.9781476855278015
2821 -0.9777832627296448
2822 -0.9774159193038940
2823 -0.9770456552505493
2824 -0.9766724109649658
2825 -0.9762960076332092
2826 -0.9759168028831482
2827 -0.9755346179008484
2828 -0.9751494526863098
2829 -0.9747613072395325
2830 -0.9743700623512268
2831 -0.9739760160446167
2832 -0.9735789895057678
2833 -0.9731789827346802
2834 -0.9727758765220642
2835 -0.9723699688911438
2836 -0.9719610810279846
2837 -0.9715492129325867
2838 -0.9711343646049500
2839 -0.9707164764404297
2840 -0.9702956676483154
2841 -0.9698721170425415
2842 -0.9694453477859497
2843 -0.9690156579017639
2844 -0.9685831069946289
2845 -0.9681476354598999
2846 -0.9677091240882874
2847 -0.9672677516937256
2848 -0.9668233394622803
2849 -0.9663760662078857
2850 -0.9659258127212524
2851 -0.9654726982116699
2852 -0.9650164842605591
2853 -0.9645574688911438
2854 -0.9640954732894897
2855 -0.9636304378509521
2856 -0.9631626009941101
2857 -0.9626917243003845
2858 -0.9622179269790649
2859 -0.9617412686347961
2860 -0.9612616896629333
2861 -0.9607791304588318
2862 -0.9602936506271362
2863 -0.9598053097724915
2864 -0.9593140482902527
2865 -0.9588198065757751
2866 -0.9583225250244141
2867 -0.9578225016593933
2868 -0.9573195576667786
2869 -0.9568136930465698
2870 -0.9563048481941223
2871 -0.9557929635047913
2872 -0.9552782773971558
2873 -0.9547607898712158
2874 -0.9542403221130371
2875 -0.9537168145179749
2876 -0.9531905651092529
2877 -0.9526614546775818
2878 -0.9521294236183167
2879 -0.9515944719314575
2880 -0.9510564804077148
2881 -0.9505157470703125
2882 -0.9499720931053162
2883 -0.9494255781173706
2884 -0.9488759040832520
2885 -0.9483236074447632
2886 -0.9477684497833252
2887 -0.9472103714942932
2888 -0.9466493725776672
2889 -0.9460853934288025
2890 -0.9455186128616333
2891 -0.9449490308761597
2892 -0.9443765282630920
2893 -0.9438009262084961
2894 -0.9432227015495300
2895 -0.9426414966583252
2896 -0.9420574903488159
2897 -0.9414707422256470
2898 -0.9408807754516602
2899 -0.9402881860733032
2900 -0.9396926760673523
2901 -0.9390943646430969
2902 -0.9384930133819580
2903 -0.9378889799118042
2904 -0.9372820854187012
2905 -0.9366723299026489
2906 -0.9360597133636475
2907 -0.9354440569877625
2908 -0.9348257780075073
2909 -0.9342045783996582
2910 -0.9335805177688599
2911 -0.9329535365104675
2912 -0.9323238134384155
2913 -0.9316912293434143
2914 -0.9310558438301086
2915 -0.9304175972938538
2916 -0.9297764301300049
2917 -0.9291325807571411
2918 -0.9284859299659729
2919 -0.9278362989425659
2920 -0.9271838068962097
2921 -0.9265286326408386
2922 -0.9258706569671631
2923 -0.9252097606658936
2924 -0.9245461225509644
2925 -0.9238795042037964
2926 -0.9232102036476135
2927 -0.9225381016731262
2928 -0.9218631982803345
2929 -0.9211853742599487
2930 -0.9205048680305481
2931 -0.9198215007781982
2932 -0.9191353917121887
2933 -0.9184465408325195
2934 -0.9177546501159668
2935 -0.9170600771903992
2936 -0.9163628220558167
2937 -0.9156627058982849
2938 -0.9149596691131592
2939 -0.9142538309097290
2940 -0.9135454893112183
2941 -0.9128342270851135
2942 -0.9121201634407043
2943 -0.9114031195640564
2944 -0.9106835722923279
2945 -0.9099612832069397
2946 -0.9092361330986023
2947 -0.9085083007812500
2948 -0.9077774286270142
2949 -0.9070439934730530
2950 -0.9063078165054321
2951 -0.9055688977241516
2952 -0.9048269391059875
2953 -0.9040824770927429
2954 -0.9033353328704834
2955 -0.9025853872299194
2956 -0.9018326401710510
2957 -0.9010769724845886
2958 -0.9003188014030457
2959 -0.8995578289031982
2960 -0.8987941741943359
2961 -0.8980275392532349
2962 -0.8972584009170532
2963 -0.8964865207672119
2964 -0.8957118988037109
2965 -0.8949345350265503
2966 -0.8941541910171509
2967 -0.8933713436126709
2968 -0.8925859332084656
2969 -0.8917976617813110
2970 -0.8910064697265625
2971 -0.8902128338813782
2972 -0.8894164562225342
2973 -0.8886173963546753
2974 -0.8878156542778015
2975 -0.8870108723640442
2976 -0.8862037062644958
2977 -0.8853937983512878
2978 -0.8845812082290649
2979 -0.8837655782699585
2980 -0.8829475641250610
2981 -0.8821268677711487
2982 -0.8813036084175110
2983 -0.8804775476455688
2984 -0.8796485662460327
2985 -0.8788171410560608
2986 -0.8779830336570740
2987 -0.8771463036537170
2988 -0.8763066530227661
2989 -0.8754645586013794
2990 -0.8746197819709778
2991 -0.8737723827362061
2992 -0.8729222416877747
2993 -0.8720692992210388
2994 -0.8712138533592224
2995 -0.8703557848930359
2996 -0.8694949746131897
2997 -0.8686314225196838
2998 -0.8677654266357422
2999 -0.8668968081474304
3000 -0.8660254478454590
3001 -0.8651515245437622
3002 -0.8642747998237610
3003 -0.8633956909179688
3004 -0.8625137805938721
3005 -0.8616293072700500
3006 -0.8607420325279236
3007 -0.8598523736000061
3008 -0.8589599132537842
3009 -0.8580648899078369
3010 -0.8571674227714539
3011 -0.8562670946121216
3012 -0.8553642034530640
3013 -0.8544588088989258
3014 -0.8535508513450623
3015 -0.8526400923728943
3016 -0.8517268300056458
3017 -0.8508111238479614
3018 -0.8498927950859070
3019 -0.8489718437194824
3020 -0.8480480313301086
3021 -0.8471219539642334
3022 -0.8461932539939880
3023 -0.8452619910240173
3024 -0.8443281650543213
3025 -0.8433914184570312
3026 -0.8424524068832397
3027 -0.8415108323097229
3028 -0.8405667543411255
3029 -0.8396197557449341
3030 -0.8386705517768860
3031 -0.8377187848091125
3032 -0.8367644548416138
3033 -0.8358075618743896
3034 -0.8348478674888611
3035 -0.8338858485221863
3036 -0.8329213261604309
3037 -0.8319542407989502
3038 -0.8309843540191650
3039 -0.8300122022628784
3040 -0.8290375471115112
3041 -0.8280603885650635
3042 -0.8270807266235352
3043 -0.8260982632637024
3044 -0.8251135349273682
3045 -0.8241263628005981
3046 -0.8231366276741028
3047 -0.8221440315246582
3048 -0.8211492896080017
3049 -0.8201520442962646
3050 -0.8191522359848022
3051 -0.8181499242782593
3052 -0.8171448707580566
3053 -0.8161376118659973
3054 -0.8151278495788574
3055 -0.8141156435012817
3056 -0.8131006956100464
3057 -0.8120835423469543
3058 -0.8110639452934265
3059 -0.8100418448448181
3060 -0.8090173006057739
3061 -0.8079898953437805
3062 -0.8069604039192200
3063 -0.8059284687042236
3064 -0.8048940300941467
3065 -0.8038567900657654
3066 -0.8028175234794617
3067 -0.8017756938934326
3068 -0.8007314801216125
3069 -0.7996847033500671
3070 -0.7986354231834412
3071 -0.7975839376449585
3072 -0.7965300083160400
3073 -0.7954735755920410
3074 -0.7944145798683167
3075 -0.7933533787727356
3076 -0.7922897934913635
3077 -0.7912236452102661
3078 -0.7901552319526672
3079 -0.7890841364860535
3080 -0.7880107760429382
3081 -0.7869350314140320
3082 -0.7858569622039795
3083 -0.7847762703895569
3084 -0.7836934924125671
3085 -0.7826081514358521
3086 -0.7815206050872803
3087 -0.7804306149482727
3088 -0.7793380618095398
3089 -0.7782431840896606
3090 -0.7771461009979248
3091 -0.7760465741157532
3092 -0.7749444842338562
3093 -0.7738401293754578
3094 -0.7727335691452026
3095 -0.7716246247291565
3096 -0.7705133557319641
3097 -0.7693994045257568
3098 -0.7682834267616272
3099 -0.7671651840209961
3100 -0.7660445570945740
3101 -0.7649216055870056
3102 -0.7637959718704224
3103 -0.7626683712005615
3104 -0.7615384459495544
3105 -0.7604061961174011
3106 -0.7592712044715881
3107 -0.7581343054771423
3108 -0.7569951415061951
3109 -0.7558535933494568
3110 -0.7547097802162170
3111 -0.7535632848739624
3112 -0.7524148821830750
3113 -0.7512642145156860
3114 -0.7501112222671509
3115 -0.7489556074142456
3116 -0.7477980852127075
3117 -0.7466382980346680
3118 -0.7454761862754822
3119 -0.7443118691444397
3120 -0.7431448101997375
3121 -0.7419759035110474
3122 -0.7408047318458557
3123 -0.7396312355995178
3124 -0.7384551763534546
3125 -0.7372772693634033
3126 -0.7360970973968506
3127 -0.7349147200584412
3128 -0.7337300777435303
3129 -0.7325428724288940
3130 -0.7313537597656250
3131 -0.7301624417304993
3132 -0.7289689183235168
3133 -0.7277727723121643
3134 -0.7265747189521790
3135 -0.7253744602203369
3136 -0.7241721153259277
3137 -0.7229673862457275
3138 -0.7217601537704468
3139 -0.7205510735511780
3140 -0.7193399071693420
3141 -0.7181264758110046
3142 -0.7169104814529419
3143 -0.7156927585601807
3144 -0.7144728302955627
3145 -0.7132506966590881
3146 -0.7120262384414673
3147 -0.7107995152473450
3148 -0.7095708250999451
3149 -0.7083399891853333
3150 -0.7071068286895752
3151 -0.7058715224266052
3152 -0.7046341896057129
3153 -0.7033947706222534
3154 -0.7021530270576477
3155 -0.7009093165397644
3156 -0.6996632218360901
3157 -0.6984152793884277
3158 -0.6971650719642639
3159 -0.6959128975868225
3160 -0.6946582794189453
3161 -0.6934018731117249
3162 -0.6921431422233582
3163 -0.6908824443817139
3164 -0.6896196007728577
3165 -0.6883546113967896
3166 -0.6870874166488647
3167 -0.6858183145523071
3168 -0.6845471262931824
3169 -0.6832739114761353
3170 -0.6819981932640076
3171 -0.6807208061218262
3172 -0.6794413924217224
3173 -0.6781598329544067
3174 -0.6768758296966553
3175 -0.6755901575088501
3176 -0.6743024587631226
3177 -0.6730126142501831
3178 -0.6717207431793213
3179 -0.6704264283180237
3180 -0.6691305637359619
3181 -0.6678326129913330
3182 -0.6665326356887817
3183 -0.6652302145957947
3184 -0.6639261841773987
3185 -0.6626201868057251
3186 -0.6613121032714844
3187 -0.6600020527839661
3188 -0.6586894989013672
3189 -0.6573753952980042
3190 -0.6560592055320740
3191 -0.6547410488128662
3192 -0.6534204483032227
3193 -0.6520984172821045
3194 -0.6507742404937744
3195 -0.6494481563568115
3196 -0.6481201052665710
3197 -0.6467896103858948
3198 -0.6454576253890991
3199 -0.6441236734390259
3200 -0.6427877545356750
3201 -0.6414495110511780
3202 -0.6401096582412720
3203 -0.6387678980827332
3204 -0.6374241709709167
3205 -0.6360784769058228
3206 -0.6347303986549377
3207 -0.6333808898925781
3208 -0.6320293545722961
3209 -0.6306759715080261
3210 -0.6293202638626099
3211 -0.6279630064964294
3212 -0.6266039013862610
3213 -0.6252428889274597
3214 -0.6238799691200256
3215 -0.6225146651268005
3216 -0.6211479306221008
3217 -0.6197792887687683
3218 -0.6184087395668030
3219 -0.6170358657836914
3220 -0.6156615018844604
3221 -0.6142853498458862
3222 -0.6129072308540344
3223 -0.6115271449089050
3224 -0.6101450324058533
3225 -0.6087613701820374
3226 -0.6073759198188782
3227 -0.6059884428977966
3228 -0.6045989990234375
3229 -0.6032080054283142
3230 -0.6018151640892029
3231 -0.6004202961921692
3232 -0.5990238189697266
3233 -0.5976251363754272
3234 -0.5962249040603638
3235 -0.5948228836059570
3236 -0.5934190154075623
3237 -0.5920130610466003
3238 -0.5906056165695190
3239 -0.5891962647438049
3240 -0.5877852439880371
3241 -0.5863724946975708
3242 -0.5849575996398926
3243 -0.5835411548614502
3244 -0.5821230411529541
3245 -0.5807031393051147
3246 -0.5792814493179321
3247 -0.5778575539588928
3248 -0.5764323472976685
3249 -0.5750054121017456
3250 -0.5735766887664795
3251 -0.5721457004547119
3252 -0.5707135200500488
3253 -0.5692795515060425
3254 -0.5678439140319824
3255 -0.5664064884185791
3256 -0.5649669170379639
3257 -0.5635260939598083
3258 -0.5620835423469543
3259 -0.5606392621994019
3260 -0.5591928362846375
3261 -0.5577450990676880
3262 -0.5562956333160400
3263 -0.5548446774482727
3264 -0.5533918142318726
3265 -0.5519368648529053
3266 -0.5504806637763977
3267 -0.5490229129791260
3268 -0.5475634336471558
3269 -0.5461018085479736
3270 -0.5446390509605408
3271 -0.5431745648384094
3272 -0.5417084693908691
3273 -0.5402407050132751
3274 -0.5387708544731140
3275 -0.5372997522354126
3276 -0.5358269810676575
3277 -0.5343526005744934
3278 -0.5328761339187622
3279 -0.5313985347747803
3280 -0.5299193263053894
3281 -0.5284385085105896
3282 -0.5269560813903809
3283 -0.5254716277122498
3284 -0.5239860415458679
3285 -0.5224987864494324
3286 -0.5210099816322327
3287 -0.5195190906524658
3288 -0.5180270671844482
3289 -0.5165334939956665
3290 -0.5150382518768311
3291 -0.5135416388511658
3292 -0.5120428204536438
3293 -0.5105429887771606
3294 -0.5090415477752686
3295 -0.5075386166572571
3296 -0.5060336589813232
3297 -0.5045276880264282
3298 -0.5030201673507690
3299 -0.5015110373497009
3300 -0.5000002980232239
3301 -0.4984878301620483
3302 -0.4969741404056549
3303 -0.4954589307308197
3304 -0.4939419925212860
3305 -0.4924235939979553
3306 -0.4909037947654724
3307 -0.4893825650215149
3308 -0.4878596961498260
3309 -0.4863355457782745
3310 -0.4848095774650574
3311 -0.4832824468612671
3312 -0.4817537367343903
3313 -0.4802236855030060
3314 -0.4786918759346008
3315 -0.4771589040756226
3316 -0.4756242930889130
3317 -0.4740884304046631
3318 -0.4725510478019714
3319 -0.4710119664669037
3320 -0.4694715142250061
3321 -0.4679298102855682
3322 -0.4663867354393005
3323 -0.4648422598838806
3324 -0.4632958769798279
3325 -0.4617486000061035
3326 -0.4601998925209045
3327 -0.4586498141288757
3328 -0.4570978581905365
3329 -0.4555449485778809
3330 -0.4539906680583954
3331 -0.4524349570274353
3332 -0.4508778750896454
3333 -0.4493189752101898
3334 -0.4477590918540955
3335 -0.4461978971958160
3336 -0.4446353316307068
3337 -0.4430709481239319
3338 -0.4415057301521301
3339 -0.4399392008781433
3340 -0.4383713304996490
3341 -0.4368021190166473
3342 -0.4352310597896576
3343 -0.4336591660976410
3344 -0.4320859611034393
3345 -0.4305114150047302
3346 -0.4289350509643555
3347 -0.4273579418659210
3348 -0.4257794022560120
3349 -0.4241996109485626
3350 -0.4226185381412506
3351 -0.4210356771945953
3352 -0.4194520711898804
3353 -0.4178672134876251
3354 -0.4162810742855072
3355 -0.4146931767463684
3356 -0.4131045043468475
3357 -0.4115145802497864
3358 -0.4099234044551849
3359 -0.4083309173583984
3360 -0.4067366719245911
3361 -0.4051417708396912
3362 -0.4035454988479614
3363 -0.4019480347633362
3364 -0.4003488719463348
3365 -0.3987490236759186
3366 -0.3971479833126068
3367 -0.3955457210540771
3368 -0.3939422965049744
3369 -0.3923371434211731
3370 -0.3907312750816345
3371 -0.3891242444515228
3372 -0.3875160217285156
3373 -0.3859060406684875
3374 -0.3842954337596893
3375 -0.3826835751533508
3376 -0.3810706138610840
3377 -0.3794563114643097
3378 -0.3778406977653503
3379 -0.3762243092060089
3380 -0.3746067881584167
3381 -0.3729879260063171
3382 -0.3713677823543549
3383 -0.3697468638420105
3384 -0.3681247830390930
3385 -0.3665014207363129
3386 -0.3648771047592163
3387 -0.3632512688636780
3388 -0.3616246879100800
3389 -0.3599967658519745
3390 -0.3583680689334869
3391 -0.3567378520965576
3392 -0.3551069200038910
3393 -0.3534747660160065
3394 -0.3518417179584503
3395 -0.3502075970172882
3396 -0.3485720753669739
3397 -0.3469356596469879
3398 -0.3452983498573303
3399 -0.3436599671840668
3400 -0.3420205414295197
3401 -0.3403795361518860
3402 -0.3387379646301270
3403 -0.3370953500270844
3404 -0.3354518115520477
3405 -0.3338066339492798
3406 -0.3321610093116760
3407 -0.3305143713951111
3408 -0.3288667500019073
3409 -0.3272181749343872
3410 -0.3255680501461029
3411 -0.3239174783229828
3412 -0.3222658932209015
3413 -0.3206133544445038
3414 -0.3189592659473419
3415 -0.3173047304153442
3416 -0.3156492114067078
3417 -0.3139927089214325
3418 -0.3123352825641632
3419 -0.3106763064861298
3420 -0.3090169727802277
3421 -0.3073567152023315
3422 -0.3056955039501190
3423 -0.3040328919887543
3424 -0.3023698627948761
3425 -0.3007059395313263
3426 -0.2990410625934601
3427 -0.2973752915859222
3428 -0.2957080602645874
3429 -0.2940404415130615
3430 -0.2923718988895416
3431 -0.2907024621963501
3432 -0.2890316545963287
3433 -0.2873604595661163
3434 -0.2856884002685547
3435 -0.2840155065059662
3436 -0.2823417782783508
3437 -0.2806666195392609
3438 -0.2789911925792694
3439 -0.2773149013519287
3440 -0.2756377458572388
3441 -0.2739592194557190
3442 -0.2722803950309753
3443 -0.2706007063388824
3444 -0.2689201533794403
3445 -0.2672387659549713
3446 -0.2655560672283173
3447 -0.2638730704784393
3448 -0.2621892988681793
3449 -0.2605047523975372
3450 -0.2588188946247101
3451 -0.2571327984333038
3452 -0.2554458975791931
3453 -0.2537582516670227
3454 -0.2520696520805359
3455 -0.2503800690174103
3456 -0.2486900985240936
3457 -0.2469993382692337
3458 -0.2453076094388962
3459 -0.2436149418354034
3460 -0.2419219911098480
3461 -0.2402281910181046
3462 -0.2385335266590118
3463 -0.2368383258581161
3464 -0.2351420819759369
3465 -0.2334454804658890
3466 -0.2317479848861694
3467 -0.2300499826669693
3468 -0.2283512651920319
3469 -0.2266514748334885
3470 -0.2249511778354645
3471 -0.2232503443956375
3472 -0.2215488255023956
3473 -0.2198462337255478
3474 -0.2181432694196701
3475 -0.2164397090673447
3476 -0.2147355079650879
3477 -0.2130306810140610
3478 -0.2113246768712997
3479 -0.2096185833215714
3480 -0.2079118490219116
3481 -0.2062045037746429
3482 -0.2044959664344788
3483 -0.2027873545885086
3484 -0.2010781019926071
3485 -0.1993682235479355
3486 -0.1976577043533325
3487 -0.1959460079669952
3488 -0.1942344903945923
3489 -0.1925221383571625
3490 -0.1908092200756073
3491 -0.1890951991081238
3492 -0.1873811781406403
3493 -0.1856666058301926
3494 -0.1839514821767807
3495 -0.1822358071804047
3496 -0.1805190294981003
3497 -0.1788022518157959
3498 -0.1770849227905273
3499 -0.1753670424222946
3500 -0.1736480444669724
3501 -0.1719290614128113
3502 -0.1702097207307816
3503 -0.1684896647930145
3504 -0.1667691022157669
3505 -0.1650475263595581
3506 -0.1633260101079941
3507 -0.1616040021181107
3508 -0.1598815172910690
3509 -0.1581579893827438
3510 -0.1564345359802246
3511 -0.1547105908393860
3512 -0.1529861688613892
3513 -0.1512612700462341
3514 -0.1495353132486343
3515 -0.1478094309568405
3516 -0.1460832357406616
3517 -0.1443564891815186
3518 -0.1426287740468979
3519 -0.1409011930227280
3520 -0.1391732096672058
3521 -0.1374448090791702
3522 -0.1357159912586212
3523 -0.1339862197637558
3524 -0.1322565823793411
3525 -0.1305265277624130
3526 -0.1287960708141327
3527 -0.1270646303892136
3528 -0.1253333538770676
3529 -0.1236016526818275
3530 -0.1218697726726532
3531 -0.1201370954513550
3532 -0.1184039115905762
3533 -0.1166707575321198
3534 -0.1149372756481171
3535 -0.1132032796740532
3536 -0.1114687621593475
3537 -0.1097342893481255
3538 -0.1079994887113571
3539 -0.1062641739845276
3540 -0.1045287102460861
3541 -0.1027925387024879
3542 -0.1010564193129539
3543 -0.0993197783827782
3544 -0.0975831151008606
3545 -0.0958460494875908
3546 -0.0941083431243896
3547 -0.0923705622553825
3548 -0.0906326994299889
3549 -0.0888945758342743
3550 -0.0871558114886284
3551 -0.0854169651865959
3552 -0.0836780443787575
3553 -0.0819388553500175
3554 -0.0801994055509567
3555 -0.0784591287374496
3556 -0.0767191424965858
3557 -0.0749788954854012
3558 -0.0732385590672493
3559 -0.0714972764253616
3560 -0.0697563737630844
3561 -0.0680152848362923
3562 -0.0662740096449852
3563 -0.0645325556397438
3564 -0.0627903565764427
3565 -0.0610485374927521
3566 -0.0593065321445465
3567 -0.0575643405318260
3568 -0.0558214113116264
3569 -0.0540788546204567
3570 -0.0523361153900623
3571 -0.0505931973457336
3572 -0.0488501824438572
3573 -0.0471063740551472
3574 -0.0453630127012730
3575 -0.0436195358633995
3576 -0.0418759435415268
3577 -0.0401316732168198
3578 -0.0383878499269485
3579 -0.0366439074277878
3580 -0.0348998531699181
3581 -0.0331556834280491
3582 -0.0314108319580555
3583 -0.0296664312481880
3584 -0.0279219113290310
3585 -0.0261772777885199
3586 -0.0244322344660759
3587 -0.0226874127984047
3588 -0.0209425594657660
3589 -0.0191976726055145
3590 -0.0174527522176504
3591 -0.0157072357833385
3592 -0.0139622474089265
3593 -0.0122172255069017
3594 -0.0104721691459417
3595 -0.0087265167385340
3596 -0.0069813937880099
3597 -0.0052362363785505
3598 -0.0034910452086478
3599 -0.0017458203947172
3600 0.0000000000000000
