0 1.0000000000000000
1 0.9998476951563913
2 0.9993908270190958
3 0.9986295347545738
4 0.9975640502598242
5 0.9961946980917455
6 0.9945218953682733
7 0.9925461516413220
8 0.9902680687415704
9 0.9876883405951378
10 0.9848077530122080
11 0.9816271834476640
12 0.9781476007338057
13 0.9743700647852352
14 0.9702957262759965
15 0.9659258262890683
16 0.9612616959383189
17 0.9563047559630355
18 0.9510565162951535
19 0.9455185755993168
20 0.9396926207859084
21 0.9335804264972017
22 0.9271838545667874
23 0.9205048534524404
24 0.9135454576426009
25 0.9063077870366499
26 0.8987940462991670
27 0.8910065241883679
28 0.8829475928589270
29 0.8746197071393957
30 0.8660254037844387
31 0.8571673007021123
32 0.8480480961564260
33 0.8386705679454241
34 0.8290375725550417
35 0.8191520442889918
36 0.8090169943749475
37 0.7986355100472928
38 0.7880107536067219
39 0.7771459614569708
40 0.7660444431189780
41 0.7547095802227720
42 0.7431448254773942
43 0.7313537016191705
44 0.7193398003386512
45 0.7071067811865476
46 0.6946583704589974
47 0.6819983600624985
48 0.6691306063588583
49 0.6560590289905075
50 0.6427876096865394
51 0.6293203910498376
52 0.6156614753256584
53 0.6018150231520484
54 0.5877852522924732
55 0.5735764363510462
56 0.5591929034707469
57 0.5446390350150272
58 0.5299192642332049
59 0.5150380749100544
60 0.5000000000000001
61 0.4848096202463372
62 0.4694715627858908
63 0.4539904997395468
64 0.4383711467890775
65 0.4226182617406994
66 0.4067366430758004
67 0.3907311284892737
68 0.3746065934159122
69 0.3583679495453002
70 0.3420201433256688
71 0.3255681544571568
72 0.3090169943749475
73 0.2923717047227368
74 0.2756373558169992
75 0.2588190451025207
76 0.2419218955996677
77 0.2249510543438651
78 0.2079116908177592
79 0.1908089953765449
80 0.1736481776669304
81 0.1564344650402309
82 0.1391731009600655
83 0.1218693434051475
84 0.1045284632676534
85 0.0871557427476583
86 0.0697564737441252
87 0.0523359562429440
88 0.0348994967025011
89 0.0174524064372836
90 0.0000000000000001
91 -0.0174524064372835
92 -0.0348994967025007
93 -0.0523359562429438
94 -0.0697564737441253
95 -0.0871557427476582
96 -0.1045284632676533
97 -0.1218693434051474
98 -0.1391731009600651
99 -0.1564344650402310
100 -0.1736481776669303
101 -0.1908089953765448
102 -0.2079116908177591
103 -0.2249510543438648
104 -0.2419218955996676
105 -0.2588190451025209
106 -0.2756373558169991
107 -0.2923717047227367
108 -0.3090169943749473
109 -0.3255681544571564
110 -0.3420201433256687
111 -0.3583679495453003
112 -0.3746065934159121
113 -0.3907311284892736
114 -0.4067366430758001
115 -0.4226182617406993
116 -0.4383711467890775
117 -0.4539904997395467
118 -0.4694715627858905
119 -0.4848096202463369
120 -0.4999999999999998
121 -0.5150380749100542
122 -0.5299192642332048
123 -0.5446390350150271
124 -0.5591929034707467
125 -0.5735764363510458
126 -0.5877852522924730
127 -0.6018150231520484
128 -0.6156614753256582
129 -0.6293203910498373
130 -0.6427876096865393
131 -0.6560590289905072
132 -0.6691306063588579
133 -0.6819983600624984
134 -0.6946583704589974
135 -0.7071067811865475
136 -0.7193398003386510
137 -0.7313537016191705
138 -0.7431448254773944
139 -0.7547095802227720
140 -0.7660444431189779
141 -0.7771459614569709
142 -0.7880107536067219
143 -0.7986355100472926
144 -0.8090169943749473
145 -0.8191520442889919
146 -0.8290375725550417
147 -0.8386705679454239
148 -0.8480480961564260
149 -0.8571673007021122
150 -0.8660254037844387
151 -0.8746197071393957
152 -0.8829475928589270
153 -0.8910065241883678
154 -0.8987940462991668
155 -0.9063077870366499
156 -0.9135454576426010
157 -0.9205048534524404
158 -0.9271838545667873
159 -0.9335804264972016
160 -0.9396926207859083
161 -0.9455185755993168
162 -0.9510565162951535
163 -0.9563047559630354
164 -0.9612616959383189
165 -0.9659258262890682
166 -0.9702957262759965
167 -0.9743700647852351
168 -0.9781476007338057
169 -0.9816271834476640
170 -0.9848077530122080
171 -0.9876883405951377
172 -0.9902680687415704
173 -0.9925461516413220
174 -0.9945218953682733
175 -0.9961946980917455
176 -0.9975640502598242
177 -0.9986295347545738
178 -0.9993908270190958
179 -0.9998476951563913
180 -1.0000000000000000
181 -0.9998476951563913
182 -0.9993908270190958
183 -0.9986295347545738
184 -0.9975640502598243
185 -0.9961946980917455
186 -0.9945218953682733
187 -0.9925461516413220
188 -0.9902680687415703
189 -0.9876883405951378
190 -0.9848077530122080
191 -0.9816271834476640
192 -0.9781476007338057
193 -0.9743700647852352
194 -0.9702957262759965
195 -0.9659258262890684
196 -0.9612616959383190
197 -0.9563047559630354
198 -0.9510565162951535
199 -0.9455185755993167
200 -0.9396926207859084
201 -0.9335804264972016
202 -0.9271838545667874
203 -0.9205048534524404
204 -0.9135454576426011
205 -0.9063077870366500
206 -0.8987940462991671
207 -0.8910065241883681
208 -0.8829475928589271
209 -0.8746197071393956
210 -0.8660254037844386
211 -0.8571673007021123
212 -0.8480480961564261
213 -0.8386705679454241
214 -0.8290375725550417
215 -0.8191520442889920
216 -0.8090169943749475
217 -0.7986355100472931
218 -0.7880107536067222
219 -0.7771459614569711
220 -0.7660444431189780
221 -0.7547095802227719
222 -0.7431448254773942
223 -0.7313537016191706
224 -0.7193398003386511
225 -0.7071067811865477
226 -0.6946583704589976
227 -0.6819983600624986
228 -0.6691306063588585
229 -0.6560590289905077
230 -0.6427876096865396
231 -0.6293203910498372
232 -0.6156614753256581
233 -0.6018150231520483
234 -0.5877852522924732
235 -0.5735764363510464
236 -0.5591929034707473
237 -0.5446390350150270
238 -0.5299192642332050
239 -0.5150380749100545
240 -0.5000000000000004
241 -0.4848096202463376
242 -0.4694715627858908
243 -0.4539904997395469
244 -0.4383711467890777
245 -0.4226182617406991
246 -0.4067366430758001
247 -0.3907311284892738
248 -0.3746065934159123
249 -0.3583679495453007
250 -0.3420201433256693
251 -0.3255681544571566
252 -0.3090169943749476
253 -0.2923717047227370
254 -0.2756373558169989
255 -0.2588190451025206
256 -0.2419218955996678
257 -0.2249510543438653
258 -0.2079116908177598
259 -0.1908089953765446
260 -0.1736481776669303
261 -0.1564344650402311
262 -0.1391731009600658
263 -0.1218693434051480
264 -0.1045284632676542
265 -0.0871557427476582
266 -0.0697564737441256
267 -0.0523359562429434
268 -0.0348994967025008
269 -0.0174524064372835
270 -0.0000000000000002
271 0.0174524064372831
272 0.0348994967025004
273 0.0523359562429431
274 0.0697564737441252
275 0.0871557427476579
276 0.1045284632676539
277 0.1218693434051477
278 0.1391731009600654
279 0.1564344650402307
280 0.1736481776669299
281 0.1908089953765442
282 0.2079116908177594
283 0.2249510543438649
284 0.2419218955996674
285 0.2588190451025203
286 0.2756373558169986
287 0.2923717047227368
288 0.3090169943749472
289 0.3255681544571563
290 0.3420201433256690
291 0.3583679495453004
292 0.3746065934159120
293 0.3907311284892735
294 0.4067366430757998
295 0.4226182617406988
296 0.4383711467890775
297 0.4539904997395466
298 0.4694715627858904
299 0.4848096202463372
300 0.5000000000000000
301 0.5150380749100540
302 0.5299192642332047
303 0.5446390350150266
304 0.5591929034707469
305 0.5735764363510460
306 0.5877852522924729
307 0.6018150231520479
308 0.6156614753256577
309 0.6293203910498368
310 0.6427876096865393
311 0.6560590289905071
312 0.6691306063588585
313 0.6819983600624986
314 0.6946583704589973
315 0.7071067811865474
316 0.7193398003386509
317 0.7313537016191701
318 0.7431448254773937
319 0.7547095802227720
320 0.7660444431189779
321 0.7771459614569711
322 0.7880107536067221
323 0.7986355100472928
324 0.8090169943749473
325 0.8191520442889916
326 0.8290375725550414
327 0.8386705679454241
328 0.8480480961564258
329 0.8571673007021121
330 0.8660254037844384
331 0.8746197071393954
332 0.8829475928589270
333 0.8910065241883678
334 0.8987940462991668
335 0.9063077870366500
336 0.9135454576426010
337 0.9205048534524403
338 0.9271838545667873
339 0.9335804264972015
340 0.9396926207859081
341 0.9455185755993168
342 0.9510565162951535
343 0.9563047559630353
344 0.9612616959383189
345 0.9659258262890683
346 0.9702957262759965
347 0.9743700647852351
348 0.9781476007338056
349 0.9816271834476640
350 0.9848077530122080
351 0.9876883405951377
352 0.9902680687415703
353 0.9925461516413220
354 0.9945218953682733
355 0.9961946980917455
356 0.9975640502598242
357 0.9986295347545739
358 0.9993908270190958
359 0.9998476951563913
