0 1.0000000000000000
1 0.9998477697372437
2 0.9993908405303955
3 0.9986295104026794
4 0.9975640773773193
5 0.9961947202682495
6 0.9945219159126282
7 0.9925461411476135
8 0.9902679920196533
9 0.9876883029937744
10 0.9848076701164246
11 0.9816271662712097
12 0.9781475663185120
13 0.9743700623512268
14 0.9702956676483154
15 0.9659258127212524
16 0.9612616300582886
17 0.9563047289848328
18 0.9510564804077148
19 0.9455185532569885
20 0.9396926164627075
21 0.9335803985595703
22 0.9271838068962097
23 0.9205048084259033
24 0.9135453701019287
25 0.9063077569007874
26 0.8987939953804016
27 0.8910064697265625
28 0.8829475045204163
29 0.8746197223663330
30 0.8660253286361694
31 0.8571673035621643
32 0.8480480313301086
33 0.8386705517768860
34 0.8290374875068665
35 0.8191519975662231
36 0.8090169429779053
37 0.7986354231834412
38 0.7880107164382935
39 0.7771459817886353
40 0.7660444378852844
41 0.7547094821929932
42 0.7431448101997375
43 0.7313536405563354
44 0.7193396091461182
45 0.7071067094802856
46 0.6946582794189453
47 0.6819981932640076
48 0.6691304445266724
49 0.6560590863227844
50 0.6427875161170959
51 0.6293202638626099
52 0.6156613826751709
53 0.6018149852752686
54 0.5877851247787476
55 0.5735763311386108
56 0.5591928362846375
57 0.5446388721466064
58 0.5299191474914551
59 0.5150379538536072
60 0.4999999701976776
61 0.4848093986511230
62 0.4694715142250061
63 0.4539904892444611
64 0.4383710026741028
65 0.4226181805133820
66 0.4067366719245911
67 0.3907311260700226
68 0.3746066093444824
69 0.3583678901195526
70 0.3420201838016510
71 0.3255680501461029
72 0.3090167939662933
73 0.2923715412616730
74 0.2756373882293701
75 0.2588188946247101
76 0.2419217973947525
77 0.2249511778354645
78 0.2079116702079773
79 0.1908088475465775
80 0.1736482232809067
81 0.1564345359802246
82 0.1391730159521103
83 0.1218694075942039
84 0.1045283302664757
85 0.0871558114886284
86 0.0697563737630844
87 0.0523359291255474
88 0.0348994806408882
89 0.0174521896988153
90 0.0000000000000000
91 -0.0174521896988153
92 -0.0348992906510830
93 -0.0523357428610325
94 -0.0697561874985695
95 -0.0871556252241135
96 -0.1045283302664757
97 -0.1218692213296890
98 -0.1391728371381760
99 -0.1564343571662903
100 -0.1736480444669724
101 -0.1908088475465775
102 -0.2079114913940430
103 -0.2249509990215302
104 -0.2419217973947525
105 -0.2588187158107758
106 -0.2756372094154358
107 -0.2923715412616730
108 -0.3090167939662933
109 -0.3255678713321686
110 -0.3420200049877167
111 -0.3583677411079407
112 -0.3746064305305481
113 -0.3907311260700226
114 -0.4067366719245911
115 -0.4226180315017700
116 -0.4383710026741028
117 -0.4539904892444611
118 -0.4694713354110718
119 -0.4848093986511230
120 -0.4999999701976776
121 -0.5150377750396729
122 -0.5299191474914551
123 -0.5446388721466064
124 -0.5591926574707031
125 -0.5735763311386108
126 -0.5877849459648132
127 -0.6018148660659790
128 -0.6156613826751709
129 -0.6293200850486755
130 -0.6427873373031616
131 -0.6560589671134949
132 -0.6691304445266724
133 -0.6819980740547180
134 -0.6946582794189453
135 -0.7071067690849304
136 -0.7193394899368286
137 -0.7313536405563354
138 -0.7431446909904480
139 -0.7547093629837036
140 -0.7660443186759949
141 -0.7771458625793457
142 -0.7880105972290039
143 -0.7986353039741516
144 -0.8090169429779053
145 -0.8191519379615784
146 -0.8290374875068665
147 -0.8386704325675964
148 -0.8480479717254639
149 -0.8571673035621643
150 -0.8660252690315247
151 -0.8746197223663330
152 -0.8829475045204163
153 -0.8910064101219177
154 -0.8987939357757568
155 -0.9063076972961426
156 -0.9135453701019287
157 -0.9205046892166138
158 -0.9271838068962097
159 -0.9335803389549255
160 -0.9396924972534180
161 -0.9455185532569885
162 -0.9510564208030701
163 -0.9563047289848328
164 -0.9612616300582886
165 -0.9659257531166077
166 -0.9702956676483154
167 -0.9743700623512268
168 -0.9781475663185120
169 -0.9816271662712097
170 -0.9848076701164246
171 -0.9876883029937744
172 -0.9902679920196533
173 -0.9925461411476135
174 -0.9945219159126282
175 -0.9961947202682495
176 -0.9975640773773193
177 -0.9986294507980347
178 -0.9993908405303955
179 -0.9998477697372437
180 -1.0000000000000000
181 -0.9998477697372437
182 -0.9993908405303955
183 -0.9986295104026794
184 -0.9975640773773193
185 -0.9961947202682495
186 -0.9945219159126282
187 -0.9925461411476135
188 -0.9902680516242981
189 -0.9876883625984192
190 -0.9848076701164246
191 -0.9816272258758545
192 -0.9781476259231567
193 -0.9743700623512268
194 -0.9702956676483154
195 -0.9659258127212524
196 -0.9612616300582886
197 -0.9563047289848328
198 -0.9510565400123596
199 -0.9455185532569885
200 -0.9396926164627075
201 -0.9335804581642151
202 -0.9271838068962097
203 -0.9205048680305481
204 -0.9135454893112183
205 -0.9063077569007874
206 -0.8987941145896912
207 -0.8910065889358521
208 -0.8829475641250610
209 -0.8746197223663330
210 -0.8660254478454590
211 -0.8571673631668091
212 -0.8480481505393982
213 -0.8386706113815308
214 -0.8290374875068665
215 -0.8191521167755127
216 -0.8090170621871948
217 -0.7986354231834412
218 -0.7880107760429382
219 -0.7771461009979248
220 -0.7660444378852844
221 -0.7547094821929932
222 -0.7431449294090271
223 -0.7313537597656250
224 -0.7193397283554077
225 -0.7071068286895752
226 -0.6946582794189453
227 -0.6819983720779419
228 -0.6691304445266724
229 -0.6560590863227844
230 -0.6427875161170959
231 -0.6293203830718994
232 -0.6156615018844604
233 -0.6018151640892029
234 -0.5877849459648132
235 -0.5735763311386108
236 -0.5591929554939270
237 -0.5446391701698303
238 -0.5299193263053894
239 -0.5150379538536072
240 -0.4999999701976776
241 -0.4848095774650574
242 -0.4694716632366180
243 -0.4539908170700073
244 -0.4383710026741028
245 -0.4226181805133820
246 -0.4067368507385254
247 -0.3907312750816345
248 -0.3746067881584167
249 -0.3583677411079407
250 -0.3420201838016510
251 -0.3255682289600372
252 -0.3090171515941620
253 -0.2923718988895416
254 -0.2756373882293701
255 -0.2588188946247101
256 -0.2419219911098480
257 -0.2249513566493988
258 -0.2079120427370071
259 -0.1908088475465775
260 -0.1736482232809067
261 -0.1564347296953201
262 -0.1391732096672058
263 -0.1218694075942039
264 -0.1045283302664757
265 -0.0871558114886284
266 -0.0697565600275993
267 -0.0523363053798676
268 -0.0348994806408882
269 -0.0174523778259754
270 -0.0000000000000000
271 0.0174520034343004
272 0.0348991043865681
273 0.0523359291255474
274 0.0697561874985695
275 0.0871554389595985
276 0.1045279651880264
277 0.1218690350651741
278 0.1391728371381760
279 0.1564343571662903
280 0.1736478656530380
281 0.1908084750175476
282 0.2079111188650131
283 0.2249509990215302
284 0.2419216185808182
285 0.2588187158107758
286 0.2756370306015015
287 0.2923711836338043
288 0.3090167939662933
289 0.3255678713321686
290 0.3420198261737823
291 0.3583673834800720
292 0.3746064305305481
293 0.3907309472560883
294 0.4067365229129791
295 0.4226178526878357
296 0.4383706450462341
297 0.4539904892444611
298 0.4694713354110718
299 0.4848092496395111
300 0.4999998211860657
301 0.5150375962257385
302 0.5299191474914551
303 0.5446388721466064
304 0.5591926574707031
305 0.5735760331153870
306 0.5877846479415894
307 0.6018148660659790
308 0.6156612038612366
309 0.6293200850486755
310 0.6427872180938721
311 0.6560586690902710
312 0.6691304445266724
313 0.6819980740547180
314 0.6946580410003662
315 0.7071066498756409
316 0.7193396091461182
317 0.7313536405563354
318 0.7431446909904480
319 0.7547092437744141
320 0.7660440802574158
321 0.7771459817886353
322 0.7880105972290039
323 0.7986351847648621
324 0.8090168237686157
325 0.8191518187522888
326 0.8290374875068665
327 0.8386704325675964
328 0.8480479717254639
329 0.8571670651435852
330 0.8660251498222351
331 0.8746196031570435
332 0.8829475045204163
333 0.8910064101219177
334 0.8987938761711121
335 0.9063075184822083
336 0.9135453701019287
337 0.9205046892166138
338 0.9271836876869202
339 0.9335802793502808
340 0.9396924376487732
341 0.9455185532569885
342 0.9510564208030701
343 0.9563046097755432
344 0.9612615108489990
345 0.9659258127212524
346 0.9702956080436707
347 0.9743700623512268
348 0.9781475663185120
349 0.9816271066665649
350 0.9848076701164246
351 0.9876883029937744
352 0.9902679920196533
353 0.9925460815429688
354 0.9945218563079834
355 0.9961947202682495
356 0.9975640773773193
357 0.9986294507980347
358 0.9993908405303955
359 0.9998477697372437
