0 1.0000000000000000
1 0.9999984502792358
2 0.9999939203262329
3 0.9999862909317017
4 0.9999756813049316
5 0.9999619722366333
6 0.9999452233314514
7 0.9999254345893860
8 0.9999026060104370
9 0.9998766779899597
10 0.9998477697372437
11 0.9998157620429993
12 0.9997807145118713
13 0.9997426271438599
14 0.9997014403343201
15 0.9996573328971863
16 0.9996101260185242
17 0.9995598793029785
18 0.9995065331459045
19 0.9994502067565918
20 0.9993908405303955
21 0.9993283748626709
22 0.9992629289627075
23 0.9991943836212158
24 0.9991228580474854
25 0.9990482330322266
26 0.9989705681800842
27 0.9988898634910583
28 0.9988061189651489
29 0.9987192749977112
30 0.9986295104026794
31 0.9985365867614746
32 0.9984406828880310
33 0.9983417391777039
34 0.9982397556304932
35 0.9981347322463989
36 0.9980266690254211
37 0.9979156255722046
38 0.9978014826774597
39 0.9976842403411865
40 0.9975640773773193
41 0.9974408149719238
42 0.9973145127296448
43 0.9971850514411926
44 0.9970527291297913
45 0.9969173073768616
46 0.9967788457870483
47 0.9966374039649963
48 0.9964928627014160
49 0.9963453412055969
50 0.9961947202682495
51 0.9960411190986633
52 0.9958844184875488
53 0.9957247376441956
54 0.9955619573593140
55 0.9953961372375488
56 0.9952273368835449
57 0.9950554966926575
58 0.9948806166648865
59 0.9947028160095215
60 0.9945219159126282
61 0.9943379759788513
62 0.9941510558128357
63 0.9939610362052917
64 0.9937679767608643
65 0.9935719370841980
66 0.9933728575706482
67 0.9931707382202148
68 0.9929655790328979
69 0.9927573800086975
70 0.9925461411476135
71 0.9923319816589355
72 0.9921146631240845
73 0.9918943643569946
74 0.9916711449623108
75 0.9914447665214539
76 0.9912154674530029
77 0.9909831285476685
78 0.9907477498054504
79 0.9905093908309937
80 0.9902679920196533
81 0.9900236129760742
82 0.9897761940956116
83 0.9895257353782654
84 0.9892723560333252
85 0.9890158176422119
86 0.9887562990188599
87 0.9884938597679138
88 0.9882283210754395
89 0.9879598021507263
90 0.9876883029937744
91 0.9874137639999390
92 0.9871362447738647
93 0.9868556857109070
94 0.9865721464157104
95 0.9862855672836304
96 0.9859960675239563
97 0.9857034683227539
98 0.9854078888893127
99 0.9851092696189880
100 0.9848076701164246
101 0.9845030903816223
102 0.9841955304145813
103 0.9838849902153015
104 0.9835714101791382
105 0.9832548499107361
106 0.9829353094100952
107 0.9826127886772156
108 0.9822872877120972
109 0.9819587469100952
110 0.9816271662712097
111 0.9812927246093750
112 0.9809551835060120
113 0.9806146025657654
114 0.9802711009979248
115 0.9799246191978455
116 0.9795751571655273
117 0.9792227745056152
118 0.9788673520088196
119 0.9785089492797852
120 0.9781475663185120
121 0.9777832627296448
122 0.9774159193038940
123 0.9770455360412598
124 0.9766722917556763
125 0.9762960076332092
126 0.9759167432785034
127 0.9755345582962036
128 0.9751493930816650
129 0.9747611880302429
130 0.9743700623512268
131 0.9739760160446167
132 0.9735788702964783
133 0.9731789231300354
134 0.9727758765220642
135 0.9723699092864990
136 0.9719610214233398
137 0.9715490937232971
138 0.9711342453956604
139 0.9707164764404297
140 0.9702956676483154
141 0.9698719978332520
142 0.9694453477859497
143 0.9690156579017639
144 0.9685830473899841
145 0.9681475758552551
146 0.9677090644836426
147 0.9672676920890808
148 0.9668233394622803
149 0.9663760066032410
150 0.9659258127212524
151 0.9654726386070251
152 0.9650164842605591
153 0.9645574092864990
154 0.9640954732894897
155 0.9636304378509521
156 0.9631624817848206
157 0.9626917243003845
158 0.9622179269790649
159 0.9617412090301514
160 0.9612616300582886
161 0.9607791304588318
162 0.9602936506271362
163 0.9598052501678467
164 0.9593139886856079
165 0.9588196873664856
166 0.9583225250244141
167 0.9578225016593933
168 0.9573194980621338
169 0.9568135738372803
170 0.9563047289848328
171 0.9557929635047913
172 0.9552782773971558
173 0.9547607302665710
174 0.9542402029037476
175 0.9537168145179749
176 0.9531905651092529
177 0.9526613950729370
178 0.9521293044090271
179 0.9515943527221680
180 0.9510564804077148
181 0.9505156874656677
182 0.9499720335006714
183 0.9494253993034363
184 0.9488759040832520
185 0.9483236074447632
186 0.9477683901786804
187 0.9472102522850037
188 0.9466492533683777
189 0.9460853934288025
190 0.9455185532569885
191 0.9449489116668701
192 0.9443764090538025
193 0.9438009262084961
194 0.9432227015495300
195 0.9426414370536804
196 0.9420573711395264
197 0.9414705634117126
198 0.9408807754516602
199 0.9402881264686584
200 0.9396926164627075
201 0.9390942454338074
202 0.9384930133819580
203 0.9378889203071594
204 0.9372820258140564
205 0.9366722106933594
206 0.9360595345497131
207 0.9354440569877625
208 0.9348257184028625
209 0.9342044591903687
210 0.9335803985595703
211 0.9329535365104675
212 0.9323237538337708
213 0.9316911697387695
214 0.9310557246208191
215 0.9304174780845642
216 0.9297764301300049
217 0.9291324615478516
218 0.9284857511520386
219 0.9278362393379211
220 0.9271838068962097
221 0.9265285730361938
222 0.9258705973625183
223 0.9252097010612488
224 0.9245460033416748
225 0.9238795042037964
226 0.9232101440429688
227 0.9225379824638367
228 0.9218630790710449
229 0.9211853742599487
230 0.9205048084259033
231 0.9198215007781982
232 0.9191353321075439
233 0.9184463620185852
234 0.9177546501159668
235 0.9170600771903992
236 0.9163627028465271
237 0.9156625270843506
238 0.9149596691131592
239 0.9142538309097290
240 0.9135453701019287
241 0.9128341078758240
242 0.9121199846267700
243 0.9114031195640564
244 0.9106835722923279
245 0.9099611639976501
246 0.9092360138893127
247 0.9085081219673157
248 0.9077774286270142
249 0.9070439338684082
250 0.9063077569007874
251 0.9055687785148621
252 0.9048269391059875
253 0.9040824770927429
254 0.9033352136611938
255 0.9025852084159851
256 0.9018325209617615
257 0.9010769724845886
258 0.9003186821937561
259 0.8995577692985535
260 0.8987939953804016
261 0.8980275392532349
262 0.8972584009170532
263 0.8964864611625671
264 0.8957117199897766
265 0.8949343562126160
266 0.8941541910171509
267 0.8933712840080261
268 0.8925858736038208
269 0.8917975425720215
270 0.8910064697265625
271 0.8902128338813782
272 0.8894163966178894
273 0.8886172175407410
274 0.8878153562545776
275 0.8870108723640442
276 0.8862035870552063
277 0.8853937387466431
278 0.8845810294151306
279 0.8837655782699585
280 0.8829475045204163
281 0.8821267485618591
282 0.8813034296035767
283 0.8804772496223450
284 0.8796485662460327
285 0.8788170814514160
286 0.8779829144477844
287 0.8771461248397827
288 0.8763066530227661
289 0.8754644989967346
290 0.8746197223663330
291 0.8737722039222717
292 0.8729220628738403
293 0.8720692992210388
294 0.8712137937545776
295 0.8703556060791016
296 0.8694949150085449
297 0.8686314225196838
298 0.8677653670310974
299 0.8668967485427856
300 0.8660253286361694
301 0.8651513457298279
302 0.8642747998237610
303 0.8633955717086792
304 0.8625136613845825
305 0.8616291284561157
306 0.8607420325279236
307 0.8598522543907166
308 0.8589599132537842
309 0.8580648303031921
310 0.8571673035621643
311 0.8562670946121216
312 0.8553642034530640
313 0.8544586896896362
314 0.8535507321357727
315 0.8526400923728943
316 0.8517268300056458
317 0.8508110046386719
318 0.8498926758766174
319 0.8489716649055481
320 0.8480480313301086
321 0.8471219539642334
322 0.8461931347846985
323 0.8452619314193726
324 0.8443279266357422
325 0.8433914184570312
326 0.8424522876739502
327 0.8415107727050781
328 0.8405665159225464
329 0.8396197557449341
330 0.8386705517768860
331 0.8377186655998230
332 0.8367642760276794
333 0.8358073830604553
334 0.8348478674888611
335 0.8338857293128967
336 0.8329212069511414
337 0.8319540023803711
338 0.8309843540191650
339 0.8300120830535889
340 0.8290374875068665
341 0.8280602097511292
342 0.8270805478096008
343 0.8260982632637024
344 0.8251134753227234
345 0.8241262435913086
346 0.8231363892555237
347 0.8221440315246582
348 0.8211491703987122
349 0.8201519250869751
350 0.8191519975662231
351 0.8181496262550354
352 0.8171448707580566
353 0.8161374926567078
354 0.8151277303695679
355 0.8141154646873474
356 0.8131006956100464
357 0.8120835423469543
358 0.8110638260841370
359 0.8100416064262390
360 0.8090169429779053
361 0.8079898953437805
362 0.8069603443145752
363 0.8059282302856445
364 0.8048937916755676
365 0.8038567900657654
366 0.8028174042701721
367 0.8017755746841431
368 0.8007312417030334
369 0.7996844649314880
370 0.7986354231834412
371 0.7975838184356689
372 0.7965297698974609
373 0.7954734563827515
374 0.7944145798683167
375 0.7933532595634460
376 0.7922896742820740
377 0.7912235260009766
378 0.7901549935340881
379 0.7890841364860535
380 0.7880107164382935
381 0.7869349122047424
382 0.7858567237854004
383 0.7847762703895569
384 0.7836933732032776
385 0.7826081514358521
386 0.7815204858779907
387 0.7804303765296936
388 0.7793380618095398
389 0.7782431840896606
390 0.7771459817886353
391 0.7760464549064636
392 0.7749444842338562
393 0.7738401293754578
394 0.7727334499359131
395 0.7716245055198669
396 0.7705131173133850
397 0.7693994045257568
398 0.7682834267616272
399 0.7671650648117065
400 0.7660444378852844
401 0.7649213671684265
402 0.7637959718704224
403 0.7626682519912720
404 0.7615383267402649
405 0.7604059576988220
406 0.7592712044715881
407 0.7581343054771423
408 0.7569950222969055
409 0.7558533549308777
410 0.7547094821929932
411 0.7535632848739624
412 0.7524147629737854
413 0.7512640953063965
414 0.7501109838485718
415 0.7489556074142456
416 0.7477979660034180
417 0.7466381788253784
418 0.7454759478569031
419 0.7443116307258606
420 0.7431448101997375
421 0.7419757843017578
422 0.7408046126365662
423 0.7396309971809387
424 0.7384551763534546
425 0.7372772693634033
426 0.7360969781875610
427 0.7349144816398621
428 0.7337297201156616
429 0.7325428724288940
430 0.7313536405563354
431 0.7301623225212097
432 0.7289686799049377
433 0.7277727723121643
434 0.7265747189521790
435 0.7253743410110474
436 0.7241718173027039
437 0.7229670286178589
438 0.7217601537704468
439 0.7205509543418884
440 0.7193396091461182
441 0.7181262373924255
442 0.7169104814529419
443 0.7156926393508911
444 0.7144726514816284
445 0.7132503986358643
446 0.7120260000228882
447 0.7107995152473450
448 0.7095707058906555
449 0.7083397507667542
450 0.7071067094802856
451 0.7058715224266052
452 0.7046340703964233
453 0.7033945918083191
454 0.7021529078483582
455 0.7009090781211853
456 0.6996632218360901
457 0.6984151601791382
458 0.6971649527549744
459 0.6959125995635986
460 0.6946582794189453
461 0.6934016942977905
462 0.6921431422233582
463 0.6908823251724243
464 0.6896193623542786
465 0.6883546113967896
466 0.6870874166488647
467 0.6858181953430176
468 0.6845470070838928
469 0.6832736730575562
470 0.6819981932640076
471 0.6807206869125366
472 0.6794412136077881
473 0.6781595945358276
474 0.6768758296966553
475 0.6755901575088501
476 0.6743022799491882
477 0.6730124950408936
478 0.6717204451560974
479 0.6704264283180237
480 0.6691304445266724
481 0.6678324341773987
482 0.6665323376655579
483 0.6652302145957947
484 0.6639261841773987
485 0.6626200079917908
486 0.6613118052482605
487 0.6600017547607422
488 0.6586894989013672
489 0.6573752164840698
490 0.6560590863227844
491 0.6547407507896423
492 0.6534204483032227
493 0.6520982980728149
494 0.6507741212844849
495 0.6494478583335876
496 0.6481198072433472
497 0.6467896103858948
498 0.6454575061798096
499 0.6441235542297363
500 0.6427875161170959
501 0.6414495110511780
502 0.6401096582412720
503 0.6387677788734436
504 0.6374238729476929
505 0.6360780000686646
506 0.6347303986549377
507 0.6333807110786438
508 0.6320292353630066
509 0.6306756734848022
510 0.6293202638626099
511 0.6279630064964294
512 0.6266037821769714
513 0.6252425909042358
514 0.6238794922828674
515 0.6225146651268005
516 0.6211478114128113
517 0.6197789907455444
518 0.6184084415435791
519 0.6170358657836914
520 0.6156613826751709
521 0.6142852306365967
522 0.6129069328308105
523 0.6115268468856812
524 0.6101450324058533
525 0.6087612509727478
526 0.6073756217956543
527 0.6059882640838623
528 0.6045989990234375
529 0.6032078266143799
530 0.6018149852752686
531 0.6004201769828796
532 0.5990235209465027
533 0.5976251363754272
534 0.5962247848510742
535 0.5948227643966675
536 0.5934188365936279
537 0.5920130610466003
538 0.5906054377555847
539 0.5891962647438049
540 0.5877851247787476
541 0.5863721966743469
542 0.5849575996398926
543 0.5835411548614502
544 0.5821228623390198
545 0.5807029604911804
546 0.5792811512947083
547 0.5778575539588928
548 0.5764321684837341
549 0.5750052928924561
550 0.5735763311386108
551 0.5721457004547119
552 0.5707135200500488
553 0.5692794322967529
554 0.5678437352180481
555 0.5664061903953552
556 0.5649669170379639
557 0.5635259747505188
558 0.5620834231376648
559 0.5606389641761780
560 0.5591928362846375
561 0.5577450990676880
562 0.5562954545021057
563 0.5548443198204041
564 0.5533915162086487
565 0.5519368648529053
566 0.5504805445671082
567 0.5490227341651917
568 0.5475631356239319
569 0.5461018085479736
570 0.5446388721466064
571 0.5431744456291199
572 0.5417081713676453
573 0.5402404069900513
574 0.5387708544731140
575 0.5372995734214783
576 0.5358266830444336
577 0.5343523025512695
578 0.5328761339187622
579 0.5313985347747803
580 0.5299191474914551
581 0.5284382104873657
582 0.5269556045532227
583 0.5254716277122498
584 0.5239858627319336
585 0.5224984884262085
586 0.5210096836090088
587 0.5195190906524658
588 0.5180270671844482
589 0.5165333151817322
590 0.5150379538536072
591 0.5135411620140076
592 0.5120428204536438
593 0.5105428099632263
594 0.5090414285659790
595 0.5075383186340332
596 0.5060336589813232
597 0.5045275092124939
598 0.5030199885368347
599 0.5015107393264771
600 0.4999999701976776
601 0.4984876513481140
602 0.4969739913940430
603 0.4954587519168854
604 0.4939418435096741
605 0.4924235939979553
606 0.4909036457538605
607 0.4893824160099030
608 0.4878595471382141
609 0.4863351881504059
610 0.4848093986511230
611 0.4832822978496552
612 0.4817537367343903
613 0.4802235364913940
614 0.4786918759346008
615 0.4771587252616882
616 0.4756242930889130
617 0.4740882515907288
618 0.4725507199764252
619 0.4710117876529694
620 0.4694715142250061
621 0.4679296612739563
622 0.4663865566253662
623 0.4648419320583344
624 0.4632958769798279
625 0.4617484211921692
626 0.4601997435092926
627 0.4586494863033295
628 0.4570980072021484
629 0.4555449485778809
630 0.4539904892444611
631 0.4524348080158234
632 0.4508775472640991
633 0.4493189752101898
634 0.4477589428424835
635 0.4461977183818817
636 0.4446350038051605
637 0.4430711269378662
638 0.4415057301521301
639 0.4399390220642090
640 0.4383710026741028
641 0.4368017911911011
642 0.4352310597896576
643 0.4336590170860291
644 0.4320856332778931
645 0.4305110871791840
646 0.4289351999759674
647 0.4273579418659210
648 0.4257792234420776
649 0.4241992533206940
650 0.4226181805133820
651 0.4210356771945953
652 0.4194519221782684
653 0.4178668856620789
654 0.4162807464599609
655 0.4146931767463684
656 0.4131045043468475
657 0.4115144312381744
658 0.4099230468273163
659 0.4083304107189178
660 0.4067366719245911
661 0.4051415920257568
662 0.4035453200340271
663 0.4019477069377899
664 0.4003488719463348
665 0.3987490236759186
666 0.3971478044986725
667 0.3955453932285309
668 0.3939417898654938
669 0.3923371434211731
670 0.3907311260700226
671 0.3891240656375885
672 0.3875156641006470
673 0.3859060406684875
674 0.3842952549457550
675 0.3826834261417389
676 0.3810702860355377
677 0.3794559836387634
678 0.3778405189514160
679 0.3762241303920746
680 0.3746066093444824
681 0.3729877769947052
682 0.3713677823543549
683 0.3697466850280762
684 0.3681246340274811
685 0.3665012419223785
686 0.3648767471313477
687 0.3632511198520660
688 0.3616245090961456
689 0.3599967658519745
690 0.3583678901195526
691 0.3567378520965576
692 0.3551067411899567
693 0.3534747660160065
694 0.3518415391445160
695 0.3502072691917419
696 0.3485718965530396
697 0.3469356596469879
698 0.3452981710433960
699 0.3436597883701324
700 0.3420201838016510
701 0.3403795361518860
702 0.3387377858161926
703 0.3370951712131500
704 0.3354514539241791
705 0.3338068127632141
706 0.3321610093116760
707 0.3305141925811768
708 0.3288666009902954
709 0.3272178173065186
710 0.3255680501461029
711 0.3239172995090485
712 0.3222657442092896
713 0.3206129968166351
714 0.3189594447612762
715 0.3173047304153442
716 0.3156490325927734
717 0.3139923512935638
718 0.3123349249362946
719 0.3106763064861298
720 0.3090167939662933
721 0.3073563575744629
722 0.3056951463222504
723 0.3040330708026886
724 0.3023698627948761
725 0.3007057607173920
726 0.2990407049655914
727 0.2973749339580536
728 0.2957080602645874
729 0.2940402626991272
730 0.2923715412616730
731 0.2907021045684814
732 0.2890316545963287
733 0.2873604595661163
734 0.2856882214546204
735 0.2840151488780975
736 0.2823412418365479
737 0.2806666195392609
738 0.2789910137653351
739 0.2773147225379944
740 0.2756373882293701
741 0.2739592194557190
742 0.2722803950309753
743 0.2706004977226257
744 0.2689197957515717
745 0.2672382295131683
746 0.2655560672283173
747 0.2638728916645050
748 0.2621891200542450
749 0.2605043947696686
750 0.2588188946247101
751 0.2571325898170471
752 0.2554457187652588
753 0.2537578940391541
754 0.2520692646503448
755 0.2503798902034760
756 0.2486899048089981
757 0.2469991594552994
758 0.2453074306249619
759 0.2436149418354034
760 0.2419217973947525
761 0.2402280122041702
762 0.2385333478450775
763 0.2368379682302475
764 0.2351418882608414
765 0.2334452867507935
766 0.2317479848861694
767 0.2300497889518738
768 0.2283508926630020
769 0.2266512960195541
770 0.2249511778354645
771 0.2232501655817032
772 0.2215484529733658
773 0.2198460549116135
774 0.2181432694196701
775 0.2164395153522491
776 0.2147353291511536
777 0.2130303233861923
778 0.2113246768712997
779 0.2096184045076370
780 0.2079116702079773
781 0.2062041312456131
782 0.2044961452484131
783 0.2027873545885086
784 0.2010779231786728
785 0.1993680298328400
786 0.1976573467254639
787 0.1959460079669952
788 0.1942343115806580
789 0.1925219446420670
790 0.1908088475465775
791 0.1890953779220581
792 0.1873811781406403
793 0.1856664270162582
794 0.1839511245489120
795 0.1822354495525360
796 0.1805190294981003
797 0.1788020730018616
798 0.1770845502614975
799 0.1753666698932648
800 0.1736482232809067
801 0.1719290614128113
802 0.1702095270156860
803 0.1684892922639847
804 0.1667687445878983
805 0.1650475263595581
806 0.1633258163928986
807 0.1616036295890808
808 0.1598811447620392
809 0.1581579893827438
810 0.1564345359802246
811 0.1547104120254517
812 0.1529857963323593
813 0.1512607038021088
814 0.1495353132486343
815 0.1478092521429062
816 0.1460830569267273
817 0.1443561166524887
818 0.1426287740468979
819 0.1409011930227280
820 0.1391730159521103
821 0.1374444365501404
822 0.1357154399156570
823 0.1339862197637558
824 0.1322563886642456
825 0.1305263340473175
826 0.1287956982851028
827 0.1270646303892136
828 0.1253331601619720
829 0.1236014664173126
830 0.1218694075942039
831 0.1201367303729057
832 0.1184037253260612
833 0.1166705712676048
834 0.1149370893836021
835 0.1132030934095383
836 0.1114687621593475
837 0.1097341030836105
838 0.1079993024468422
839 0.1062639877200127
840 0.1045283302664757
841 0.1027923598885536
842 0.1010562330484390
843 0.0993197783827782
844 0.0975829288363457
845 0.0958456769585609
846 0.0941081568598747
847 0.0923705622553825
848 0.0906325131654739
849 0.0888942033052444
850 0.0871558114886284
851 0.0854169651865959
852 0.0836778581142426
853 0.0819386690855026
854 0.0801990330219269
855 0.0784591287374496
856 0.0767189562320709
857 0.0749787092208862
858 0.0732381865382195
859 0.0714974626898766
860 0.0697563737630844
861 0.0680150985717773
862 0.0662738233804703
863 0.0645321831107140
864 0.0627903565764427
865 0.0610483512282372
866 0.0593063458800316
867 0.0575639680027962
868 0.0558215975761414
869 0.0540788546204567
870 0.0523359291255474
871 0.0505928248167038
872 0.0488498099148273
873 0.0471063740551472
874 0.0453628264367580
875 0.0436191633343697
876 0.0418755672872066
877 0.0401318594813347
878 0.0383878499269485
879 0.0366437211632729
880 0.0348994806408882
881 0.0331553071737289
882 0.0314108319580555
883 0.0296662431210279
884 0.0279215369373560
885 0.0261769033968449
886 0.0244322344660759
887 0.0226874127984047
888 0.0209423732012510
889 0.0191972982138395
890 0.0174521896988153
891 0.0157072357833385
892 0.0139620602130890
893 0.0122170383110642
894 0.0104717947542667
895 0.0087265167385340
896 0.0069813937880099
897 0.0052360491827130
898 0.0034906708169729
899 0.0017452586907893
900 0.0000000000000000
901 -0.0017452586907893
902 -0.0034904833883047
903 -0.0052358619868755
904 -0.0069812065921724
905 -0.0087265167385340
906 -0.0104716066271067
907 -0.0122168511152267
908 -0.0139620602130890
909 -0.0157072357833385
910 -0.0174521896988153
911 -0.0191971119493246
912 -0.0209421850740910
913 -0.0226872265338898
914 -0.0244322344660759
915 -0.0261767152696848
916 -0.0279215369373560
917 -0.0296662431210279
918 -0.0314108319580555
919 -0.0331551209092140
920 -0.0348992906510830
921 -0.0366435348987579
922 -0.0383876599371433
923 -0.0401316732168198
924 -0.0418753810226917
925 -0.0436191633343697
926 -0.0453628264367580
927 -0.0471061877906322
928 -0.0488496199250221
929 -0.0505928248167038
930 -0.0523357428610325
931 -0.0540786683559418
932 -0.0558214113116264
933 -0.0575639680027962
934 -0.0593061596155167
935 -0.0610483512282372
936 -0.0627901703119278
937 -0.0645319968461990
938 -0.0662736371159554
939 -0.0680149123072624
940 -0.0697561874985695
941 -0.0714972764253616
942 -0.0732381865382195
943 -0.0749785229563713
944 -0.0767189562320709
945 -0.0784589424729347
946 -0.0801988467574120
947 -0.0819384828209877
948 -0.0836778581142426
949 -0.0854167789220810
950 -0.0871556252241135
951 -0.0888942033052444
952 -0.0906325131654739
953 -0.0923703759908676
954 -0.0941079705953598
955 -0.0958454906940460
956 -0.0975827425718307
957 -0.0993195921182632
958 -0.1010560467839241
959 -0.1027923598885536
960 -0.1045283302664757
961 -0.1062638014554977
962 -0.1079991161823273
963 -0.1097341030836105
964 -0.1114685758948326
965 -0.1132029071450233
966 -0.1149369031190872
967 -0.1166705712676048
968 -0.1184037253260612
969 -0.1201367303729057
970 -0.1218692213296890
971 -0.1236012801527977
972 -0.1253331601619720
973 -0.1270644515752792
974 -0.1287955045700073
975 -0.1305261552333832
976 -0.1322563886642456
977 -0.1339860260486603
978 -0.1357154399156570
979 -0.1374442428350449
980 -0.1391728371381760
981 -0.1409010142087936
982 -0.1426287740468979
983 -0.1443559378385544
984 -0.1460828632116318
985 -0.1478092521429062
986 -0.1495353132486343
987 -0.1512607038021088
988 -0.1529856175184250
989 -0.1547102183103561
990 -0.1564343571662903
991 -0.1581579893827438
992 -0.1598809659481049
993 -0.1616036295890808
994 -0.1633258163928986
995 -0.1650475263595581
996 -0.1667685508728027
997 -0.1684890985488892
998 -0.1702093482017517
999 -0.1719288676977158
1000 -0.1736480444669724
1001 -0.1753664761781693
1002 -0.1770845502614975
1003 -0.1788020730018616
1004 -0.1805188506841660
1005 -0.1822352707386017
1006 -0.1839511245489120
1007 -0.1856662482023239
1008 -0.1873809993267059
1009 -0.1890951991081238
1010 -0.1908088475465775
1011 -0.1925217658281326
1012 -0.1942343115806580
1013 -0.1959458291530609
1014 -0.1976571530103683
1015 -0.1993678510189056
1016 -0.2010777443647385
1017 -0.2027871757745743
1018 -0.2044959664344788
1019 -0.2062041312456131
1020 -0.2079114913940430
1021 -0.2096184045076370
1022 -0.2113244831562042
1023 -0.2130301296710968
1024 -0.2147351354360580
1025 -0.2164395153522491
1026 -0.2181430906057358
1027 -0.2198460549116135
1028 -0.2215484529733658
1029 -0.2232501655817032
1030 -0.2249509990215302
1031 -0.2266511172056198
1032 -0.2283507138490677
1033 -0.2300496101379395
1034 -0.2317478060722351
1035 -0.2334451079368591
1036 -0.2351418882608414
1037 -0.2368379682302475
1038 -0.2385331541299820
1039 -0.2402278333902359
1040 -0.2419217973947525
1041 -0.2436147481203079
1042 -0.2453072518110275
1043 -0.2469989657402039
1044 -0.2486899048089981
1045 -0.2503798902034760
1046 -0.2520692646503448
1047 -0.2537577152252197
1048 -0.2554455399513245
1049 -0.2571325898170471
1050 -0.2588187158107758
1051 -0.2605042159557343
1052 -0.2621889412403107
1053 -0.2638728916645050
1054 -0.2655558884143829
1055 -0.2672382295131683
1056 -0.2689196169376373
1057 -0.2706003189086914
1058 -0.2722802162170410
1059 -0.2739592194557190
1060 -0.2756372094154358
1061 -0.2773145437240601
1062 -0.2789910137653351
1063 -0.2806666195392609
1064 -0.2823412418365479
1065 -0.2840149700641632
1066 -0.2856880724430084
1067 -0.2873602807521820
1068 -0.2890316545963287
1069 -0.2907019257545471
1070 -0.2923715412616730
1071 -0.2940402626991272
1072 -0.2957078814506531
1073 -0.2973747551441193
1074 -0.2990405261516571
1075 -0.3007055819034576
1076 -0.3023696839809418
1077 -0.3040328919887543
1078 -0.3056949675083160
1079 -0.3073563575744629
1080 -0.3090167939662933
1081 -0.3106761276721954
1082 -0.3123347461223602
1083 -0.3139923512935638
1084 -0.3156488835811615
1085 -0.3173045814037323
1086 -0.3189592659473419
1087 -0.3206129968166351
1088 -0.3222655653953552
1089 -0.3239172995090485
1090 -0.3255678713321686
1091 -0.3272176384925842
1092 -0.3288664221763611
1093 -0.3305140137672424
1094 -0.3321608304977417
1095 -0.3338066339492798
1096 -0.3354514539241791
1097 -0.3370949923992157
1098 -0.3387377858161926
1099 -0.3403793573379517
1100 -0.3420200049877167
1101 -0.3436596393585205
1102 -0.3452981710433960
1103 -0.3469354808330536
1104 -0.3485718965530396
1105 -0.3502072691917419
1106 -0.3518415391445160
1107 -0.3534745872020721
1108 -0.3551065921783447
1109 -0.3567376732826233
1110 -0.3583677411079407
1111 -0.3599966168403625
1112 -0.3616243302822113
1113 -0.3632511198520660
1114 -0.3648767471313477
1115 -0.3665010929107666
1116 -0.3681244552135468
1117 -0.3697466850280762
1118 -0.3713676035404205
1119 -0.3729875981807709
1120 -0.3746064305305481
1121 -0.3762241303920746
1122 -0.3778405189514160
1123 -0.3794559836387634
1124 -0.3810701072216034
1125 -0.3826833069324493
1126 -0.3842952549457550
1127 -0.3859058916568756
1128 -0.3875154852867126
1129 -0.3891239166259766
1130 -0.3907311260700226
1131 -0.3923369646072388
1132 -0.3939417898654938
1133 -0.3955452144145966
1134 -0.3971476554870605
1135 -0.3987488448619843
1136 -0.4003488719463348
1137 -0.4019475281238556
1138 -0.4035451412200928
1139 -0.4051415920257568
1140 -0.4067366719245911
1141 -0.4083304107189178
1142 -0.4099228680133820
1143 -0.4115142524242401
1144 -0.4131043553352356
1145 -0.4146931767463684
1146 -0.4162805676460266
1147 -0.4178667068481445
1148 -0.4194519221782684
1149 -0.4210355281829834
1150 -0.4226180315017700
1151 -0.4241990745067596
1152 -0.4257792234420776
1153 -0.4273577928543091
1154 -0.4289348721504211
1155 -0.4305109083652496
1156 -0.4320856332778931
1157 -0.4336590170860291
1158 -0.4352308809757233
1159 -0.4368016123771667
1160 -0.4383710026741028
1161 -0.4399390220642090
1162 -0.4415055811405182
1163 -0.4430707991123199
1164 -0.4446350038051605
1165 -0.4461975395679474
1166 -0.4477589428424835
1167 -0.4493188261985779
1168 -0.4508775472640991
1169 -0.4524346292018890
1170 -0.4539904892444611
1171 -0.4555447995662689
1172 -0.4570976793766022
1173 -0.4586494863033295
1174 -0.4601995646953583
1175 -0.4617484211921692
1176 -0.4632956981658936
1177 -0.4648419320583344
1178 -0.4663864076137543
1179 -0.4679294824600220
1180 -0.4694713354110718
1181 -0.4710116088390350
1182 -0.4725507199764252
1183 -0.4740881025791168
1184 -0.4756241440773010
1185 -0.4771585762500763
1186 -0.4786918759346008
1187 -0.4802233576774597
1188 -0.4817534089088440
1189 -0.4832821488380432
1190 -0.4848093986511230
1191 -0.4863351881504059
1192 -0.4878593683242798
1193 -0.4893822371959686
1194 -0.4909036457538605
1195 -0.4924235939979553
1196 -0.4939416646957397
1197 -0.4954584538936615
1198 -0.4969739913940430
1199 -0.4984876513481140
1200 -0.4999999701976776
1201 -0.5015105605125427
1202 -0.5030199885368347
1203 -0.5045275092124939
1204 -0.5060336589813232
1205 -0.5075381398200989
1206 -0.5090410709381104
1207 -0.5105428099632263
1208 -0.5120427012443542
1209 -0.5135411620140076
1210 -0.5150377750396729
1211 -0.5165333151817322
1212 -0.5180269479751587
1213 -0.5195189714431763
1214 -0.5210095047950745
1215 -0.5224983096122742
1216 -0.5239858627319336
1217 -0.5254714488983154
1218 -0.5269556045532227
1219 -0.5284380316734314
1220 -0.5299191474914551
1221 -0.5313983559608459
1222 -0.5328759551048279
1223 -0.5343521237373352
1224 -0.5358265042304993
1225 -0.5372995734214783
1226 -0.5387706756591797
1227 -0.5402402281761169
1228 -0.5417079925537109
1229 -0.5431744456291199
1230 -0.5446388721466064
1231 -0.5461016893386841
1232 -0.5475629568099976
1233 -0.5490225553512573
1234 -0.5504805445671082
1235 -0.5519366860389709
1236 -0.5533913373947144
1237 -0.5548443198204041
1238 -0.5562954545021057
1239 -0.5577449202537537
1240 -0.5591926574707031
1241 -0.5606389641761780
1242 -0.5620832443237305
1243 -0.5635259747505188
1244 -0.5649667978286743
1245 -0.5664061903953552
1246 -0.5678436160087585
1247 -0.5692794322967529
1248 -0.5707133412361145
1249 -0.5721455812454224
1250 -0.5735763311386108
1251 -0.5750051140785217
1252 -0.5764321684837341
1253 -0.5778573751449585
1254 -0.5792811512947083
1255 -0.5807028412818909
1256 -0.5821227431297302
1257 -0.5835409760475159
1258 -0.5849573016166687
1259 -0.5863721966743469
1260 -0.5877849459648132
1261 -0.5891960859298706
1262 -0.5906053185462952
1263 -0.5920130610466003
1264 -0.5934187173843384
1265 -0.5948225855827332
1266 -0.5962246060371399
1267 -0.5976249575614929
1268 -0.5990235209465027
1269 -0.6004199981689453
1270 -0.6018148660659790
1271 -0.6032078266143799
1272 -0.6045989990234375
1273 -0.6059881448745728
1274 -0.6073754429817200
1275 -0.6087612509727478
1276 -0.6101449131965637
1277 -0.6115268468856812
1278 -0.6129068136215210
1279 -0.6142852306365967
1280 -0.6156613826751709
1281 -0.6170358657836914
1282 -0.6184083223342896
1283 -0.6197788715362549
1284 -0.6211478114128113
1285 -0.6225145459175110
1286 -0.6238794922828674
1287 -0.6252424120903015
1288 -0.6266037821769714
1289 -0.6279628872871399
1290 -0.6293200850486755
1291 -0.6306755542755127
1292 -0.6320289373397827
1293 -0.6333807110786438
1294 -0.6347302198410034
1295 -0.6360780000686646
1296 -0.6374237537384033
1297 -0.6387677788734436
1298 -0.6401095390319824
1299 -0.6414493322372437
1300 -0.6427873373031616
1301 -0.6441232562065125
1302 -0.6454575061798096
1303 -0.6467894911766052
1304 -0.6481196284294128
1305 -0.6494477391242981
1306 -0.6507741212844849
1307 -0.6520982980728149
1308 -0.6534202694892883
1309 -0.6547406315803528
1310 -0.6560589671134949
1311 -0.6573752164840698
1312 -0.6586893796920776
1313 -0.6600016355514526
1314 -0.6613118052482605
1315 -0.6626200079917908
1316 -0.6639260649681091
1317 -0.6652300953865051
1318 -0.6665323376655579
1319 -0.6678323149681091
1320 -0.6691304445266724
1321 -0.6704263091087341
1322 -0.6717204451560974
1323 -0.6730123758316040
1324 -0.6743021607398987
1325 -0.6755900382995605
1326 -0.6768757104873657
1327 -0.6781595945358276
1328 -0.6794410943984985
1329 -0.6807206869125366
1330 -0.6819980740547180
1331 -0.6832736730575562
1332 -0.6845468878746033
1333 -0.6858180761337280
1334 -0.6870872974395752
1335 -0.6883543133735657
1336 -0.6896193623542786
1337 -0.6908822059631348
1338 -0.6921430230140686
1339 -0.6934015750885010
1340 -0.6946582794189453
1341 -0.6959125995635986
1342 -0.6971648335456848
1343 -0.6984150409698486
1344 -0.6996631026268005
1345 -0.7009090781211853
1346 -0.7021527886390686
1347 -0.7033944725990295
1348 -0.7046340703964233
1349 -0.7058715224266052
1350 -0.7071067690849304
1351 -0.7083395719528198
1352 -0.7095707058906555
1353 -0.7107993960380554
1354 -0.7120260000228882
1355 -0.7132502794265747
1356 -0.7144726514816284
1357 -0.7156926393508911
1358 -0.7169104814529419
1359 -0.7181261181831360
1360 -0.7193394899368286
1361 -0.7205509543418884
1362 -0.7217600345611572
1363 -0.7229670286178589
1364 -0.7241716980934143
1365 -0.7253743410110474
1366 -0.7265745997428894
1367 -0.7277725934982300
1368 -0.7289685010910034
1369 -0.7301620841026306
1370 -0.7313536405563354
1371 -0.7325427532196045
1372 -0.7337297201156616
1373 -0.7349143624305725
1374 -0.7360969781875610
1375 -0.7372771501541138
1376 -0.7384550571441650
1377 -0.7396308779716492
1378 -0.7408043146133423
1379 -0.7419757843017578
1380 -0.7431446909904480
1381 -0.7443114519119263
1382 -0.7454758286476135
1383 -0.7466381788253784
1384 -0.7477979660034180
1385 -0.7489554882049561
1386 -0.7501108646392822
1387 -0.7512639164924622
1388 -0.7524147629737854
1389 -0.7535631656646729
1390 -0.7547093629837036
1391 -0.7558533549308777
1392 -0.7569950222969055
1393 -0.7581341862678528
1394 -0.7592710852622986
1395 -0.7604059576988220
1396 -0.7615382075309753
1397 -0.7626682519912720
1398 -0.7637958526611328
1399 -0.7649213671684265
1400 -0.7660443186759949
1401 -0.7671648859977722
1402 -0.7682833075523376
1403 -0.7693992257118225
1404 -0.7705131173133850
1405 -0.7716243863105774
1406 -0.7727334499359131
1407 -0.7738400101661682
1408 -0.7749444842338562
1409 -0.7760463356971741
1410 -0.7771458625793457
1411 -0.7782430648803711
1412 -0.7793378233909607
1413 -0.7804303765296936
1414 -0.7815203666687012
1415 -0.7826080322265625
1416 -0.7836932539939880
1417 -0.7847762703895569
1418 -0.7858567237854004
1419 -0.7869347929954529
1420 -0.7880105972290039
1421 -0.7890840172767639
1422 -0.7901549935340881
1423 -0.7912234067916870
1424 -0.7922895550727844
1425 -0.7933532595634460
1426 -0.7944145798683167
1427 -0.7954733371734619
1428 -0.7965296506881714
1429 -0.7975838184356689
1430 -0.7986353039741516
1431 -0.7996844649314880
1432 -0.8007311224937439
1433 -0.8017755746841431
1434 -0.8028174042701721
1435 -0.8038566708564758
1436 -0.8048936724662781
1437 -0.8059281110763550
1438 -0.8069603443145752
1439 -0.8079897761344910
1440 -0.8090169429779053
1441 -0.8100414872169495
1442 -0.8110638260841370
1443 -0.8120834231376648
1444 -0.8131005764007568
1445 -0.8141153454780579
1446 -0.8151275515556335
1447 -0.8161374926567078
1448 -0.8171447515487671
1449 -0.8181496262550354
1450 -0.8191519379615784
1451 -0.8201519250869751
1452 -0.8211491703987122
1453 -0.8221439719200134
1454 -0.8231362700462341
1455 -0.8241260647773743
1456 -0.8251134753227234
1457 -0.8260981440544128
1458 -0.8270804286003113
1459 -0.8280600905418396
1460 -0.8290374875068665
1461 -0.8300120830535889
1462 -0.8309842348098755
1463 -0.8319539427757263
1464 -0.8329211473464966
1465 -0.8338857293128967
1466 -0.8348477482795715
1467 -0.8358072638511658
1468 -0.8367642760276794
1469 -0.8377186655998230
1470 -0.8386704325675964
1471 -0.8396196365356445
1472 -0.8405665159225464
1473 -0.8415106534957886
1474 -0.8424522876739502
1475 -0.8433912992477417
1476 -0.8443279266357422
1477 -0.8452618122100830
1478 -0.8461930751800537
1479 -0.8471218347549438
1480 -0.8480479717254639
1481 -0.8489716649055481
1482 -0.8498925566673279
1483 -0.8508110046386719
1484 -0.8517267107963562
1485 -0.8526400923728943
1486 -0.8535506725311279
1487 -0.8544585704803467
1488 -0.8553640842437744
1489 -0.8562668561935425
1490 -0.8571673035621643
1491 -0.8580647110939026
1492 -0.8589597940444946
1493 -0.8598521351814270
1494 -0.8607420325279236
1495 -0.8616291284561157
1496 -0.8625135421752930
1497 -0.8633954524993896
1498 -0.8642747402191162
1499 -0.8651513457298279
1500 -0.8660252690315247
1501 -0.8668966293334961
1502 -0.8677653670310974
1503 -0.8686314225196838
1504 -0.8694947957992554
1505 -0.8703554868698120
1506 -0.8712137937545776
1507 -0.8720691800117493
1508 -0.8729220628738403
1509 -0.8737720847129822
1510 -0.8746197223663330
1511 -0.8754644989967346
1512 -0.8763065338134766
1513 -0.8771460652351379
1514 -0.8779827952384949
1515 -0.8788170814514160
1516 -0.8796484470367432
1517 -0.8804772496223450
1518 -0.8813033103942871
1519 -0.8821267485618591
1520 -0.8829475045204163
1521 -0.8837655186653137
1522 -0.8845809102058411
1523 -0.8853935599327087
1524 -0.8862035870552063
1525 -0.8870108127593994
1526 -0.8878153562545776
1527 -0.8886171579360962
1528 -0.8894163966178894
1529 -0.8902127742767334
1530 -0.8910064101219177
1531 -0.8917974233627319
1532 -0.8925856947898865
1533 -0.8933712840080261
1534 -0.8941541314125061
1535 -0.8949342966079712
1536 -0.8957116603851318
1537 -0.8964864611625671
1538 -0.8972583413124084
1539 -0.8980274796485901
1540 -0.8987939357757568
1541 -0.8995577096939087
1542 -0.9003186821937561
1543 -0.9010769128799438
1544 -0.9018324017524719
1545 -0.9025852084159851
1546 -0.9033352136611938
1547 -0.9040824174880981
1548 -0.9048268795013428
1549 -0.9055687785148621
1550 -0.9063076972961426
1551 -0.9070439338684082
1552 -0.9077773690223694
1553 -0.9085081219673157
1554 -0.9092360138893127
1555 -0.9099611043930054
1556 -0.9106835126876831
1557 -0.9114030599594116
1558 -0.9121199846267700
1559 -0.9128340482711792
1560 -0.9135453701019287
1561 -0.9142537713050842
1562 -0.9149596691131592
1563 -0.9156625270843506
1564 -0.9163627028465271
1565 -0.9170600175857544
1566 -0.9177545309066772
1567 -0.9184463620185852
1568 -0.9191352725028992
1569 -0.9198214411735535
1570 -0.9205046892166138
1571 -0.9211853742599487
1572 -0.9218630194664001
1573 -0.9225379228591919
1574 -0.9232100844383240
1575 -0.9238795042037964
1576 -0.9245460033416748
1577 -0.9252096414566040
1578 -0.9258705377578735
1579 -0.9265285730361938
1580 -0.9271838068962097
1581 -0.9278361797332764
1582 -0.9284856915473938
1583 -0.9291324615478516
1584 -0.9297763705253601
1585 -0.9304174780845642
1586 -0.9310556650161743
1587 -0.9316911697387695
1588 -0.9323237538337708
1589 -0.9329534769058228
1590 -0.9335803389549255
1591 -0.9342043995857239
1592 -0.9348257184028625
1593 -0.9354439973831177
1594 -0.9360595345497131
1595 -0.9366721510887146
1596 -0.9372820258140564
1597 -0.9378889203071594
1598 -0.9384929537773132
1599 -0.9390941858291626
1600 -0.9396924972534180
1601 -0.9402881264686584
1602 -0.9408807158470154
1603 -0.9414705634117126
1604 -0.9420573115348816
1605 -0.9426414370536804
1606 -0.9432226419448853
1607 -0.9438008666038513
1608 -0.9443763494491577
1609 -0.9449488520622253
1610 -0.9455185532569885
1611 -0.9460853338241577
1612 -0.9466491937637329
1613 -0.9472101926803589
1614 -0.9477683901786804
1615 -0.9483235478401184
1616 -0.9488758444786072
1617 -0.9494253993034363
1618 -0.9499719738960266
1619 -0.9505156874656677
1620 -0.9510564208030701
1621 -0.9515942931175232
1622 -0.9521293044090271
1623 -0.9526613950729370
1624 -0.9531905055046082
1625 -0.9537167549133301
1626 -0.9542402029037476
1627 -0.9547606706619263
1628 -0.9552782773971558
1629 -0.9557929039001465
1630 -0.9563047289848328
1631 -0.9568135738372803
1632 -0.9573194384574890
1633 -0.9578225016593933
1634 -0.9583224654197693
1635 -0.9588196873664856
1636 -0.9593139290809631
1637 -0.9598052501678467
1638 -0.9602935910224915
1639 -0.9607791304588318
1640 -0.9612616300582886
1641 -0.9617412090301514
1642 -0.9622178673744202
1643 -0.9626916050910950
1644 -0.9631624817848206
1645 -0.9636303782463074
1646 -0.9640954136848450
1647 -0.9645574092864990
1648 -0.9650164842605591
1649 -0.9654725790023804
1650 -0.9659257531166077
1651 -0.9663760066032410
1652 -0.9668233394622803
1653 -0.9672676920890808
1654 -0.9677090644836426
1655 -0.9681475162506104
1656 -0.9685830473899841
1657 -0.9690156579017639
1658 -0.9694452881813049
1659 -0.9698719382286072
1660 -0.9702956676483154
1661 -0.9707164168357849
1662 -0.9711342453956604
1663 -0.9715490937232971
1664 -0.9719610214233398
1665 -0.9723699092864990
1666 -0.9727758765220642
1667 -0.9731788635253906
1668 -0.9735788702964783
1669 -0.9739760160446167
1670 -0.9743700623512268
1671 -0.9747611880302429
1672 -0.9751493334770203
1673 -0.9755345582962036
1674 -0.9759167432785034
1675 -0.9762960076332092
1676 -0.9766722917556763
1677 -0.9770455360412598
1678 -0.9774159193038940
1679 -0.9777832031250000
1680 -0.9781475663185120
1681 -0.9785088896751404
1682 -0.9788673520088196
1683 -0.9792227149009705
1684 -0.9795750975608826
1685 -0.9799246191978455
1686 -0.9802710413932800
1687 -0.9806146025657654
1688 -0.9809551239013672
1689 -0.9812926650047302
1690 -0.9816271662712097
1691 -0.9819587469100952
1692 -0.9822872281074524
1693 -0.9826127290725708
1694 -0.9829353094100952
1695 -0.9832548499107361
1696 -0.9835714101791382
1697 -0.9838849306106567
1698 -0.9841955304145813
1699 -0.9845030903816223
1700 -0.9848076701164246
1701 -0.9851092100143433
1702 -0.9854078292846680
1703 -0.9857034683227539
1704 -0.9859960079193115
1705 -0.9862855672836304
1706 -0.9865720868110657
1707 -0.9868556857109070
1708 -0.9871362447738647
1709 -0.9874137639999390
1710 -0.9876883029937744
1711 -0.9879598021507263
1712 -0.9882283210754395
1713 -0.9884938001632690
1714 -0.9887562990188599
1715 -0.9890158176422119
1716 -0.9892723560333252
1717 -0.9895257353782654
1718 -0.9897761940956116
1719 -0.9900236129760742
1720 -0.9902679920196533
1721 -0.9905093908309937
1722 -0.9907477498054504
1723 -0.9909830689430237
1724 -0.9912154078483582
1725 -0.9914447665214539
1726 -0.9916710853576660
1727 -0.9918943643569946
1728 -0.9921146631240845
1729 -0.9923319816589355
1730 -0.9925461411476135
1731 -0.9927573800086975
1732 -0.9929655194282532
1733 -0.9931707382202148
1734 -0.9933727979660034
1735 -0.9935719370841980
1736 -0.9937679767608643
1737 -0.9939610362052917
1738 -0.9941509962081909
1739 -0.9943379759788513
1740 -0.9945219159126282
1741 -0.9947028160095215
1742 -0.9948806166648865
1743 -0.9950554370880127
1744 -0.9952273368835449
1745 -0.9953961372375488
1746 -0.9955619573593140
1747 -0.9957246780395508
1748 -0.9958844184875488
1749 -0.9960410594940186
1750 -0.9961947202682495
1751 -0.9963453412055969
1752 -0.9964928627014160
1753 -0.9966373443603516
1754 -0.9967788457870483
1755 -0.9969173073768616
1756 -0.9970526695251465
1757 -0.9971850514411926
1758 -0.9973145127296448
1759 -0.9974408149719238
1760 -0.9975640773773193
1761 -0.9976842403411865
1762 -0.9978014230728149
1763 -0.9979155659675598
1764 -0.9980266690254211
1765 -0.9981347322463989
1766 -0.9982397556304932
1767 -0.9983417391777039
1768 -0.9984406828880310
1769 -0.9985365867614746
1770 -0.9986294507980347
1771 -0.9987192749977112
1772 -0.9988061189651489
1773 -0.9988898634910583
1774 -0.9989705681800842
1775 -0.9990482330322266
1776 -0.9991228580474854
1777 -0.9991943836212158
1778 -0.9992629289627075
1779 -0.9993283748626709
1780 -0.9993908405303955
1781 -0.9994502067565918
1782 -0.9995065331459045
1783 -0.9995598793029785
1784 -0.9996101260185242
1785 -0.9996573328971863
1786 -0.9997014403343201
1787 -0.9997426271438599
1788 -0.9997807145118713
1789 -0.9998157620429993
1790 -0.9998477697372437
1791 -0.9998766779899597
1792 -0.9999026060104370
1793 -0.9999254345893860
1794 -0.9999452233314514
1795 -0.9999619722366333
1796 -0.9999756813049316
1797 -0.9999862909317017
1798 -0.9999939203262329
1799 -0.9999984502792358
1800 -1.0000000000000000
1801 -0.9999984502792358
1802 -0.9999939203262329
1803 -0.9999862909317017
1804 -0.9999756813049316
1805 -0.9999619722366333
1806 -0.9999452233314514
1807 -0.9999254345893860
1808 -0.9999026060104370
1809 -0.9998766779899597
1810 -0.9998477697372437
1811 -0.9998157620429993
1812 -0.9997807145118713
1813 -0.9997426271438599
1814 -0.9997014403343201
1815 -0.9996573328971863
1816 -0.9996101260185242
1817 -0.9995598793029785
1818 -0.9995065331459045
1819 -0.9994502067565918
1820 -0.9993908405303955
1821 -0.9993284344673157
1822 -0.9992629289627075
1823 -0.9991943836212158
1824 -0.9991228580474854
1825 -0.9990482330322266
1826 -0.9989705681800842
1827 -0.9988898634910583
1828 -0.9988061189651489
1829 -0.9987192749977112
1830 -0.9986295104026794
1831 -0.9985365867614746
1832 -0.9984406828880310
1833 -0.9983417391777039
1834 -0.9982397556304932
1835 -0.9981347322463989
1836 -0.9980266690254211
1837 -0.9979156255722046
1838 -0.9978014826774597
1839 -0.9976842999458313
1840 -0.9975640773773193
1841 -0.9974408149719238
1842 -0.9973145127296448
1843 -0.9971851110458374
1844 -0.9970527291297913
1845 -0.9969173073768616
1846 -0.9967788457870483
1847 -0.9966374039649963
1848 -0.9964928627014160
1849 -0.9963453412055969
1850 -0.9961947202682495
1851 -0.9960411190986633
1852 -0.9958844184875488
1853 -0.9957247376441956
1854 -0.9955619573593140
1855 -0.9953961968421936
1856 -0.9952273368835449
1857 -0.9950554966926575
1858 -0.9948806762695312
1859 -0.9947028160095215
1860 -0.9945219159126282
1861 -0.9943379759788513
1862 -0.9941510558128357
1863 -0.9939610362052917
1864 -0.9937680363655090
1865 -0.9935719370841980
1866 -0.9933728575706482
1867 -0.9931707382202148
1868 -0.9929655790328979
1869 -0.9927573800086975
1870 -0.9925461411476135
1871 -0.9923319816589355
1872 -0.9921146631240845
1873 -0.9918944239616394
1874 -0.9916711449623108
1875 -0.9914447665214539
1876 -0.9912154674530029
1877 -0.9909831285476685
1878 -0.9907478094100952
1879 -0.9905093908309937
1880 -0.9902680516242981
1881 -0.9900236725807190
1882 -0.9897762537002563
1883 -0.9895257949829102
1884 -0.9892723560333252
1885 -0.9890158772468567
1886 -0.9887563586235046
1887 -0.9884938597679138
1888 -0.9882283210754395
1889 -0.9879598617553711
1890 -0.9876883625984192
1891 -0.9874137639999390
1892 -0.9871362447738647
1893 -0.9868556857109070
1894 -0.9865721464157104
1895 -0.9862855672836304
1896 -0.9859960675239563
1897 -0.9857034683227539
1898 -0.9854079484939575
1899 -0.9851093292236328
1900 -0.9848076701164246
1901 -0.9845031499862671
1902 -0.9841955304145813
1903 -0.9838849902153015
1904 -0.9835714101791382
1905 -0.9832548499107361
1906 -0.9829353690147400
1907 -0.9826127886772156
1908 -0.9822872877120972
1909 -0.9819587469100952
1910 -0.9816272258758545
1911 -0.9812927246093750
1912 -0.9809551835060120
1913 -0.9806146025657654
1914 -0.9802711009979248
1915 -0.9799246788024902
1916 -0.9795752167701721
1917 -0.9792228341102600
1918 -0.9788673520088196
1919 -0.9785090088844299
1920 -0.9781476259231567
1921 -0.9777832627296448
1922 -0.9774159193038940
1923 -0.9770455956459045
1924 -0.9766723513603210
1925 -0.9762960672378540
1926 -0.9759168028831482
1927 -0.9755345582962036
1928 -0.9751494526863098
1929 -0.9747612476348877
1930 -0.9743700623512268
1931 -0.9739760160446167
1932 -0.9735789299011230
1933 -0.9731789231300354
1934 -0.9727758765220642
1935 -0.9723699688911438
1936 -0.9719610214233398
1937 -0.9715491533279419
1938 -0.9711342453956604
1939 -0.9707164764404297
1940 -0.9702956676483154
1941 -0.9698720574378967
1942 -0.9694453477859497
1943 -0.9690156579017639
1944 -0.9685831069946289
1945 -0.9681475758552551
1946 -0.9677091240882874
1947 -0.9672676920890808
1948 -0.9668233394622803
1949 -0.9663760662078857
1950 -0.9659258127212524
1951 -0.9654726982116699
1952 -0.9650164842605591
1953 -0.9645574688911438
1954 -0.9640954732894897
1955 -0.9636304378509521
1956 -0.9631624817848206
1957 -0.9626917243003845
1958 -0.9622179865837097
1959 -0.9617412686347961
1960 -0.9612616300582886
1961 -0.9607791304588318
1962 -0.9602937102317810
1963 -0.9598053097724915
1964 -0.9593139886856079
1965 -0.9588197469711304
1966 -0.9583225846290588
1967 -0.9578225612640381
1968 -0.9573194980621338
1969 -0.9568136334419250
1970 -0.9563047289848328
1971 -0.9557930231094360
1972 -0.9552782773971558
1973 -0.9547607302665710
1974 -0.9542402625083923
1975 -0.9537168741226196
1976 -0.9531906247138977
1977 -0.9526613950729370
1978 -0.9521293640136719
1979 -0.9515943527221680
1980 -0.9510565400123596
1981 -0.9505156874656677
1982 -0.9499720335006714
1983 -0.9494255185127258
1984 -0.9488759636878967
1985 -0.9483236670494080
1986 -0.9477683901786804
1987 -0.9472103118896484
1988 -0.9466492533683777
1989 -0.9460854530334473
1990 -0.9455185532569885
1991 -0.9449489712715149
1992 -0.9443764686584473
1993 -0.9438009858131409
1994 -0.9432227611541748
1995 -0.9426414370536804
1996 -0.9420574307441711
1997 -0.9414706230163574
1998 -0.9408808350563049
1999 -0.9402881860733032
2000 -0.9396926164627075
2001 -0.9390943050384521
2002 -0.9384930729866028
2003 -0.9378889799118042
2004 -0.9372820258140564
2005 -0.9366722702980042
2006 -0.9360595941543579
2007 -0.9354440569877625
2008 -0.9348257780075073
2009 -0.9342045187950134
2010 -0.9335804581642151
2011 -0.9329535365104675
2012 -0.9323238134384155
2013 -0.9316911697387695
2014 -0.9310557842254639
2015 -0.9304174780845642
2016 -0.9297764301300049
2017 -0.9291325807571411
2018 -0.9284858107566833
2019 -0.9278362989425659
2020 -0.9271838068962097
2021 -0.9265286326408386
2022 -0.9258705973625183
2023 -0.9252097606658936
2024 -0.9245460033416748
2025 -0.9238795042037964
2026 -0.9232102036476135
2027 -0.9225381016731262
2028 -0.9218631982803345
2029 -0.9211853742599487
2030 -0.9205048680305481
2031 -0.9198215007781982
2032 -0.9191353917121887
2033 -0.9184464216232300
2034 -0.9177546501159668
2035 -0.9170601963996887
2036 -0.9163628220558167
2037 -0.9156626462936401
2038 -0.9149596691131592
2039 -0.9142539501190186
2040 -0.9135454893112183
2041 -0.9128341078758240
2042 -0.9121201038360596
2043 -0.9114031791687012
2044 -0.9106836318969727
2045 -0.9099611639976501
2046 -0.9092360734939575
2047 -0.9085081219673157
2048 -0.9077774882316589
2049 -0.9070439338684082
2050 -0.9063077569007874
2051 -0.9055688381195068
2052 -0.9048270583152771
2053 -0.9040825366973877
2054 -0.9033352136611938
2055 -0.9025853276252747
2056 -0.9018325209617615
2057 -0.9010770320892334
2058 -0.9003186821937561
2059 -0.8995577692985535
2060 -0.8987941145896912
2061 -0.8980275988578796
2062 -0.8972584605216980
2063 -0.8964864611625671
2064 -0.8957118391990662
2065 -0.8949343562126160
2066 -0.8941543102264404
2067 -0.8933712840080261
2068 -0.8925858736038208
2069 -0.8917976021766663
2070 -0.8910065889358521
2071 -0.8902129530906677
2072 -0.8894163966178894
2073 -0.8886173367500305
2074 -0.8878154754638672
2075 -0.8870109915733337
2076 -0.8862037062644958
2077 -0.8853937387466431
2078 -0.8845810890197754
2079 -0.8837656974792480
2080 -0.8829475641250610
2081 -0.8821267485618591
2082 -0.8813034892082214
2083 -0.8804773688316345
2084 -0.8796485662460327
2085 -0.8788171410560608
2086 -0.8779829740524292
2087 -0.8771462440490723
2088 -0.8763066530227661
2089 -0.8754645586013794
2090 -0.8746197223663330
2091 -0.8737723231315613
2092 -0.8729220628738403
2093 -0.8720692992210388
2094 -0.8712138533592224
2095 -0.8703556656837463
2096 -0.8694949746131897
2097 -0.8686314225196838
2098 -0.8677654266357422
2099 -0.8668967485427856
2100 -0.8660254478454590
2101 -0.8651513457298279
2102 -0.8642747998237610
2103 -0.8633956909179688
2104 -0.8625137805938721
2105 -0.8616293072700500
2106 -0.8607420325279236
2107 -0.8598523736000061
2108 -0.8589599132537842
2109 -0.8580648899078369
2110 -0.8571673631668091
2111 -0.8562670946121216
2112 -0.8553642630577087
2113 -0.8544588088989258
2114 -0.8535507321357727
2115 -0.8526400923728943
2116 -0.8517269492149353
2117 -0.8508111238479614
2118 -0.8498926758766174
2119 -0.8489717245101929
2120 -0.8480481505393982
2121 -0.8471220135688782
2122 -0.8461931347846985
2123 -0.8452619314193726
2124 -0.8443279266357422
2125 -0.8433914780616760
2126 -0.8424522876739502
2127 -0.8415107727050781
2128 -0.8405666351318359
2129 -0.8396198749542236
2130 -0.8386706113815308
2131 -0.8377186655998230
2132 -0.8367643356323242
2133 -0.8358073830604553
2134 -0.8348479866981506
2135 -0.8338857293128967
2136 -0.8329212069511414
2137 -0.8319541215896606
2138 -0.8309844136238098
2139 -0.8300123214721680
2140 -0.8290374875068665
2141 -0.8280603289604187
2142 -0.8270805478096008
2143 -0.8260983824729919
2144 -0.8251136541366577
2145 -0.8241262435913086
2146 -0.8231365084648132
2147 -0.8221441507339478
2148 -0.8211494088172913
2149 -0.8201519250869751
2150 -0.8191521167755127
2151 -0.8181497454643250
2152 -0.8171449303627014
2153 -0.8161376118659973
2154 -0.8151277303695679
2155 -0.8141155242919922
2156 -0.8131007552146912
2157 -0.8120835423469543
2158 -0.8110638260841370
2159 -0.8100417256355286
2160 -0.8090170621871948
2161 -0.8079898953437805
2162 -0.8069604039192200
2163 -0.8059283494949341
2164 -0.8048939108848572
2165 -0.8038567900657654
2166 -0.8028175234794617
2167 -0.8017755746841431
2168 -0.8007313609123230
2169 -0.7996844649314880
2170 -0.7986354231834412
2171 -0.7975839376449585
2172 -0.7965298891067505
2173 -0.7954735755920410
2174 -0.7944145798683167
2175 -0.7933533787727356
2176 -0.7922896742820740
2177 -0.7912236452102661
2178 -0.7901549935340881
2179 -0.7890841364860535
2180 -0.7880107760429382
2181 -0.7869350314140320
2182 -0.7858569622039795
2183 -0.7847762703895569
2184 -0.7836934924125671
2185 -0.7826081514358521
2186 -0.7815206050872803
2187 -0.7804304957389832
2188 -0.7793380618095398
2189 -0.7782433032989502
2190 -0.7771461009979248
2191 -0.7760464549064636
2192 -0.7749444842338562
2193 -0.7738402485847473
2194 -0.7727335691452026
2195 -0.7716245055198669
2196 -0.7705132365226746
2197 -0.7693994641304016
2198 -0.7682835459709167
2199 -0.7671650648117065
2200 -0.7660444378852844
2201 -0.7649213671684265
2202 -0.7637960910797119
2203 -0.7626682519912720
2204 -0.7615383267402649
2205 -0.7604060769081116
2206 -0.7592713236808777
2207 -0.7581344246864319
2208 -0.7569950222969055
2209 -0.7558534741401672
2210 -0.7547094821929932
2211 -0.7535634040832520
2212 -0.7524147629737854
2213 -0.7512640953063965
2214 -0.7501111030578613
2215 -0.7489557266235352
2216 -0.7477982044219971
2217 -0.7466381788253784
2218 -0.7454760670661926
2219 -0.7443116307258606
2220 -0.7431449294090271
2221 -0.7419760227203369
2222 -0.7408046126365662
2223 -0.7396311163902283
2224 -0.7384552955627441
2225 -0.7372773885726929
2226 -0.7360969781875610
2227 -0.7349146008491516
2228 -0.7337298393249512
2229 -0.7325429916381836
2230 -0.7313537597656250
2231 -0.7301623225212097
2232 -0.7289687991142273
2233 -0.7277728915214539
2234 -0.7265747189521790
2235 -0.7253743410110474
2236 -0.7241719961166382
2237 -0.7229671478271484
2238 -0.7217601537704468
2239 -0.7205510735511780
2240 -0.7193397283554077
2241 -0.7181263566017151
2242 -0.7169104814529419
2243 -0.7156927585601807
2244 -0.7144726514816284
2245 -0.7132505774497986
2246 -0.7120260000228882
2247 -0.7107995152473450
2248 -0.7095708250999451
2249 -0.7083398699760437
2250 -0.7071068286895752
2251 -0.7058715224266052
2252 -0.7046341896057129
2253 -0.7033945918083191
2254 -0.7021530270576477
2255 -0.7009093165397644
2256 -0.6996632218360901
2257 -0.6984152793884277
2258 -0.6971650719642639
2259 -0.6959128975868225
2260 -0.6946582794189453
2261 -0.6934018731117249
2262 -0.6921431422233582
2263 -0.6908824443817139
2264 -0.6896194815635681
2265 -0.6883546113967896
2266 -0.6870875954627991
2267 -0.6858183145523071
2268 -0.6845470070838928
2269 -0.6832736730575562
2270 -0.6819983720779419
2271 -0.6807208061218262
2272 -0.6794412136077881
2273 -0.6781597137451172
2274 -0.6768759489059448
2275 -0.6755902767181396
2276 -0.6743022799491882
2277 -0.6730124950408936
2278 -0.6717204451560974
2279 -0.6704266071319580
2280 -0.6691304445266724
2281 -0.6678324341773987
2282 -0.6665325164794922
2283 -0.6652303338050842
2284 -0.6639263629913330
2285 -0.6626200079917908
2286 -0.6613119840621948
2287 -0.6600017547607422
2288 -0.6586896777153015
2289 -0.6573752164840698
2290 -0.6560590863227844
2291 -0.6547409296035767
2292 -0.6534205675125122
2293 -0.6520985364913940
2294 -0.6507744193077087
2295 -0.6494478583335876
2296 -0.6481198072433472
2297 -0.6467897295951843
2298 -0.6454577445983887
2299 -0.6441236734390259
2300 -0.6427875161170959
2301 -0.6414496302604675
2302 -0.6401098370552063
2303 -0.6387678980827332
2304 -0.6374238729476929
2305 -0.6360781788825989
2306 -0.6347305178642273
2307 -0.6333808898925781
2308 -0.6320293545722961
2309 -0.6306756734848022
2310 -0.6293203830718994
2311 -0.6279630064964294
2312 -0.6266039013862610
2313 -0.6252425909042358
2314 -0.6238796710968018
2315 -0.6225146651268005
2316 -0.6211479306221008
2317 -0.6197792887687683
2318 -0.6184084415435791
2319 -0.6170358657836914
2320 -0.6156615018844604
2321 -0.6142853498458862
2322 -0.6129069328308105
2323 -0.6115268468856812
2324 -0.6101450324058533
2325 -0.6087613701820374
2326 -0.6073759198188782
2327 -0.6059881448745728
2328 -0.6045989990234375
2329 -0.6032080054283142
2330 -0.6018151640892029
2331 -0.6004199981689453
2332 -0.5990235209465027
2333 -0.5976251363754272
2334 -0.5962249040603638
2335 -0.5948230624198914
2336 -0.5934187173843384
2337 -0.5920130610466003
2338 -0.5906056165695190
2339 -0.5891963839530945
2340 -0.5877849459648132
2341 -0.5863721966743469
2342 -0.5849575996398926
2343 -0.5835412740707397
2344 -0.5821231603622437
2345 -0.5807028412818909
2346 -0.5792811512947083
2347 -0.5778576731681824
2348 -0.5764324665069580
2349 -0.5750055909156799
2350 -0.5735763311386108
2351 -0.5721458792686462
2352 -0.5707136392593384
2353 -0.5692797303199768
2354 -0.5678436160087585
2355 -0.5664061903953552
2356 -0.5649670958518982
2357 -0.5635262727737427
2358 -0.5620837211608887
2359 -0.5606389641761780
2360 -0.5591929554939270
2361 -0.5577452182769775
2362 -0.5562958121299744
2363 -0.5548443198204041
2364 -0.5533915162086487
2365 -0.5519369840621948
2366 -0.5504808425903320
2367 -0.5490230321884155
2368 -0.5475631356239319
2369 -0.5461019873619080
2370 -0.5446391701698303
2371 -0.5431747436523438
2372 -0.5417081713676453
2373 -0.5402404069900513
2374 -0.5387709736824036
2375 -0.5372998714447021
2376 -0.5358269810676575
2377 -0.5343523025512695
2378 -0.5328763127326965
2379 -0.5313987135887146
2380 -0.5299193263053894
2381 -0.5284382104873657
2382 -0.5269557833671570
2383 -0.5254718065261841
2384 -0.5239860415458679
2385 -0.5224987864494324
2386 -0.5210096836090088
2387 -0.5195192694664001
2388 -0.5180270671844482
2389 -0.5165334939956665
2390 -0.5150379538536072
2391 -0.5135413408279419
2392 -0.5120428204536438
2393 -0.5105429887771606
2394 -0.5090415477752686
2395 -0.5075383186340332
2396 -0.5060336589813232
2397 -0.5045276880264282
2398 -0.5030201673507690
2399 -0.5015107393264771
2400 -0.4999999701976776
2401 -0.4984878301620483
2402 -0.4969741404056549
2403 -0.4954589307308197
2404 -0.4939416646957397
2405 -0.4924235939979553
2406 -0.4909037947654724
2407 -0.4893825650215149
2408 -0.4878593683242798
2409 -0.4863351881504059
2410 -0.4848095774650574
2411 -0.4832824468612671
2412 -0.4817538857460022
2413 -0.4802233576774597
2414 -0.4786918759346008
2415 -0.4771589040756226
2416 -0.4756244719028473
2417 -0.4740881025791168
2418 -0.4725507199764252
2419 -0.4710119664669037
2420 -0.4694716632366180
2421 -0.4679299890995026
2422 -0.4663864076137543
2423 -0.4648419320583344
2424 -0.4632960557937622
2425 -0.4617487490177155
2426 -0.4602000713348389
2427 -0.4586494863033295
2428 -0.4570980072021484
2429 -0.4555451273918152
2430 -0.4539908170700073
2431 -0.4524346292018890
2432 -0.4508775472640991
2433 -0.4493191540241241
2434 -0.4477592706680298
2435 -0.4461980462074280
2436 -0.4446350038051605
2437 -0.4430711269378662
2438 -0.4415059089660645
2439 -0.4399393796920776
2440 -0.4383710026741028
2441 -0.4368017911911011
2442 -0.4352312386035919
2443 -0.4336593449115753
2444 -0.4320861399173737
2445 -0.4305110871791840
2446 -0.4289351999759674
2447 -0.4273581206798553
2448 -0.4257795810699463
2449 -0.4241992533206940
2450 -0.4226181805133820
2451 -0.4210358560085297
2452 -0.4194522500038147
2453 -0.4178672134876251
2454 -0.4162807464599609
2455 -0.4146933555603027
2456 -0.4131046831607819
2457 -0.4115145802497864
2458 -0.4099230468273163
2459 -0.4083305895328522
2460 -0.4067368507385254
2461 -0.4051417708396912
2462 -0.4035454988479614
2463 -0.4019477069377899
2464 -0.4003490507602692
2465 -0.3987490236759186
2466 -0.3971479833126068
2467 -0.3955453932285309
2468 -0.3939419686794281
2469 -0.3923371434211731
2470 -0.3907312750816345
2471 -0.3891242444515228
2472 -0.3875156641006470
2473 -0.3859060406684875
2474 -0.3842954337596893
2475 -0.3826835751533508
2476 -0.3810702860355377
2477 -0.3794559836387634
2478 -0.3778406977653503
2479 -0.3762243092060089
2480 -0.3746067881584167
2481 -0.3729875981807709
2482 -0.3713677823543549
2483 -0.3697468638420105
2484 -0.3681247830390930
2485 -0.3665010929107666
2486 -0.3648767471313477
2487 -0.3632512688636780
2488 -0.3616246879100800
2489 -0.3599969446659088
2490 -0.3583677411079407
2491 -0.3567378520965576
2492 -0.3551069200038910
2493 -0.3534749448299408
2494 -0.3518413603305817
2495 -0.3502072691917419
2496 -0.3485720753669739
2497 -0.3469358384609222
2498 -0.3452985286712646
2499 -0.3436596393585205
2500 -0.3420201838016510
2501 -0.3403797149658203
2502 -0.3387381434440613
2503 -0.3370955288410187
2504 -0.3354514539241791
2505 -0.3338068127632141
2506 -0.3321611881256104
2507 -0.3305145502090454
2508 -0.3288664221763611
2509 -0.3272178173065186
2510 -0.3255682289600372
2511 -0.3239176273345947
2512 -0.3222660720348358
2513 -0.3206129968166351
2514 -0.3189594447612762
2515 -0.3173049092292786
2516 -0.3156493902206421
2517 -0.3139923512935638
2518 -0.3123349249362946
2519 -0.3106764853000641
2520 -0.3090171515941620
2521 -0.3073568940162659
2522 -0.3056951463222504
2523 -0.3040330708026886
2524 -0.3023700416088104
2525 -0.3007060885429382
2526 -0.2990407049655914
2527 -0.2973749339580536
2528 -0.2957082390785217
2529 -0.2940406203269958
2530 -0.2923718988895416
2531 -0.2907021045684814
2532 -0.2890318334102631
2533 -0.2873606383800507
2534 -0.2856884002685547
2535 -0.2840151488780975
2536 -0.2823414206504822
2537 -0.2806667983531952
2538 -0.2789911925792694
2539 -0.2773149013519287
2540 -0.2756373882293701
2541 -0.2739593982696533
2542 -0.2722803950309753
2543 -0.2706007063388824
2544 -0.2689197957515717
2545 -0.2672384083271027
2546 -0.2655560672283173
2547 -0.2638730704784393
2548 -0.2621892988681793
2549 -0.2605043947696686
2550 -0.2588188946247101
2551 -0.2571327984333038
2552 -0.2554458975791931
2553 -0.2537578940391541
2554 -0.2520692646503448
2555 -0.2503800690174103
2556 -0.2486900985240936
2557 -0.2469993382692337
2558 -0.2453072518110275
2559 -0.2436149418354034
2560 -0.2419219911098480
2561 -0.2402281910181046
2562 -0.2385331541299820
2563 -0.2368379682302475
2564 -0.2351420819759369
2565 -0.2334454804658890
2566 -0.2317481637001038
2567 -0.2300496101379395
2568 -0.2283508926630020
2569 -0.2266514748334885
2570 -0.2249513566493988
2571 -0.2232499867677689
2572 -0.2215484529733658
2573 -0.2198462337255478
2574 -0.2181434482336044
2575 -0.2164398878812790
2576 -0.2147351354360580
2577 -0.2130303233861923
2578 -0.2113248556852341
2579 -0.2096187621355057
2580 -0.2079120427370071
2581 -0.2062041312456131
2582 -0.2044961452484131
2583 -0.2027875334024429
2584 -0.2010782808065414
2585 -0.1993678510189056
2586 -0.1976573467254639
2587 -0.1959461867809296
2588 -0.1942346841096878
2589 -0.1925223171710968
2590 -0.1908088475465775
2591 -0.1890953779220581
2592 -0.1873813718557358
2593 -0.1856667995452881
2594 -0.1839511245489120
2595 -0.1822354495525360
2596 -0.1805192083120346
2597 -0.1788024306297302
2598 -0.1770851016044617
2599 -0.1753666698932648
2600 -0.1736482232809067
2601 -0.1719292402267456
2602 -0.1702098995447159
2603 -0.1684892922639847
2604 -0.1667687445878983
2605 -0.1650477051734924
2606 -0.1633261889219284
2607 -0.1616040021181107
2608 -0.1598811447620392
2609 -0.1581581830978394
2610 -0.1564347296953201
2611 -0.1547105908393860
2612 -0.1529857963323593
2613 -0.1512608975172043
2614 -0.1495354920625687
2615 -0.1478094309568405
2616 -0.1460832357406616
2617 -0.1443561166524887
2618 -0.1426289528608322
2619 -0.1409011930227280
2620 -0.1391732096672058
2621 -0.1374444365501404
2622 -0.1357156187295914
2623 -0.1339862197637558
2624 -0.1322565823793411
2625 -0.1305265277624130
2626 -0.1287956982851028
2627 -0.1270646303892136
2628 -0.1253333538770676
2629 -0.1236016526818275
2630 -0.1218694075942039
2631 -0.1201367303729057
2632 -0.1184039115905762
2633 -0.1166707575321198
2634 -0.1149372756481171
2635 -0.1132029071450233
2636 -0.1114687621593475
2637 -0.1097342893481255
2638 -0.1079994887113571
2639 -0.1062638014554977
2640 -0.1045283302664757
2641 -0.1027925387024879
2642 -0.1010564193129539
2643 -0.0993199646472931
2644 -0.0975827425718307
2645 -0.0958456769585609
2646 -0.0941083431243896
2647 -0.0923707485198975
2648 -0.0906328856945038
2649 -0.0888942033052444
2650 -0.0871558114886284
2651 -0.0854171514511108
2652 -0.0836782306432724
2653 -0.0819384828209877
2654 -0.0801990330219269
2655 -0.0784593150019646
2656 -0.0767193287611008
2657 -0.0749790817499161
2658 -0.0732381865382195
2659 -0.0714974626898766
2660 -0.0697565600275993
2661 -0.0680154711008072
2662 -0.0662736371159554
2663 -0.0645321831107140
2664 -0.0627905428409576
2665 -0.0610487237572670
2666 -0.0593067184090614
2667 -0.0575639680027962
2668 -0.0558215975761414
2669 -0.0540790408849716
2670 -0.0523363053798676
2671 -0.0505928248167038
2672 -0.0488498099148273
2673 -0.0471065603196621
2674 -0.0453631989657879
2675 -0.0436197221279144
2676 -0.0418755672872066
2677 -0.0401318594813347
2678 -0.0383880361914635
2679 -0.0366440974175930
2680 -0.0348994806408882
2681 -0.0331553071737289
2682 -0.0314110219478607
2683 -0.0296666175127029
2684 -0.0279219113290310
2685 -0.0261769033968449
2686 -0.0244324207305908
2687 -0.0226876009255648
2688 -0.0209425594657660
2689 -0.0191972982138395
2690 -0.0174523778259754
2691 -0.0157074220478535
2692 -0.0139622474089265
2693 -0.0122172255069017
2694 -0.0104717947542667
2695 -0.0087267039343715
2696 -0.0069813937880099
2697 -0.0052362363785505
2698 -0.0034906708169729
2699 -0.0017454458866268
2700 -0.0000000000000000
2701 0.0017450713785365
2702 0.0034902964252979
2703 0.0052358619868755
2704 0.0069812065921724
2705 0.0087263295426965
2706 0.0104714194312692
2707 0.0122168511152267
2708 0.0139620602130890
2709 0.0157070476561785
2710 0.0174520034343004
2711 0.0191969238221645
2712 0.0209423732012510
2713 0.0226872265338898
2714 0.0244320463389158
2715 0.0261765290051699
2716 0.0279217250645161
2717 0.0296662431210279
2718 0.0314106456935406
2719 0.0331549346446991
2720 0.0348991043865681
2721 0.0366437211632729
2722 0.0383876599371433
2723 0.0401314869523048
2724 0.0418751947581768
2725 0.0436187870800495
2726 0.0453628264367580
2727 0.0471061877906322
2728 0.0488494336605072
2729 0.0505924485623837
2730 0.0523359291255474
2731 0.0540786683559418
2732 0.0558212213218212
2733 0.0575635954737663
2734 0.0593057833611965
2735 0.0610483512282372
2736 0.0627901703119278
2737 0.0645318105816841
2738 0.0662732645869255
2739 0.0680150985717773
2740 0.0697561874985695
2741 0.0714970901608467
2742 0.0732378140091896
2743 0.0749781504273415
2744 0.0767189562320709
2745 0.0784589424729347
2746 0.0801986604928970
2747 0.0819381102919579
2748 0.0836778581142426
2749 0.0854167789220810
2750 0.0871554389595985
2751 0.0888938307762146
2752 0.0906319543719292
2753 0.0923703759908676
2754 0.0941079705953598
2755 0.0958453044295311
2756 0.0975823700428009
2757 0.0993195921182632
2758 0.1010560467839241
2759 0.1027921736240387
2760 0.1045279651880264
2761 0.1062636151909828
2762 0.1079991161823273
2763 0.1097339168190956
2764 0.1114683896303177
2765 0.1132027208805084
2766 0.1149369031190872
2767 0.1166703850030899
2768 0.1184035390615463
2769 0.1201365441083908
2770 0.1218690350651741
2771 0.1236012801527977
2772 0.1253329813480377
2773 0.1270644515752792
2774 0.1287953257560730
2775 0.1305261552333832
2776 0.1322562098503113
2777 0.1339860260486603
2778 0.1357152611017227
2779 0.1374440640211105
2780 0.1391728371381760
2781 0.1409010142087936
2782 0.1426285803318024
2783 0.1443557441234589
2784 0.1460828632116318
2785 0.1478092521429062
2786 0.1495351344347000
2787 0.1512605249881744
2788 0.1529854387044907
2789 0.1547104120254517
2790 0.1564343571662903
2791 0.1581578105688095
2792 0.1598807722330093
2793 0.1616038233041763
2794 0.1633258163928986
2795 0.1650473326444626
2796 0.1667683720588684
2797 0.1684889197349548
2798 0.1702095270156860
2799 0.1719288676977158
2800 0.1736478656530380
2801 0.1753662973642349
2802 0.1770841777324677
2803 0.1788020730018616
2804 0.1805188506841660
2805 0.1822350770235062
2806 0.1839507520198822
2807 0.1856664270162582
2808 0.1873809993267059
2809 0.1890950053930283
2810 0.1908084750175476
2811 0.1925213932991028
2812 0.1942343115806580
2813 0.1959458291530609
2814 0.1976569741964340
2815 0.1993674784898758
2816 0.2010779231786728
2817 0.2027871757745743
2818 0.2044957876205444
2819 0.2062037736177444
2820 0.2079111188650131
2821 0.2096184045076370
2822 0.2113244831562042
2823 0.2130299508571625
2824 0.2147347778081894
2825 0.2164395153522491
2826 0.2181430906057358
2827 0.2198458611965179
2828 0.2215480953454971
2829 0.2232496291399002
2830 0.2249509990215302
2831 0.2266511172056198
2832 0.2283505350351334
2833 0.2300492525100708
2834 0.2317478060722351
2835 0.2334451079368591
2836 0.2351417094469070
2837 0.2368375957012177
2838 0.2385329753160477
2839 0.2402278333902359
2840 0.2419216185808182
2841 0.2436145693063736
2842 0.2453070729970932
2843 0.2469989657402039
2844 0.2486897259950638
2845 0.2503797113895416
2846 0.2520690858364105
2847 0.2537575364112854
2848 0.2554455399513245
2849 0.2571324110031128
2850 0.2588187158107758
2851 0.2605040371417999
2852 0.2621889412403107
2853 0.2638727128505707
2854 0.2655558884143829
2855 0.2672380506992340
2856 0.2689194381237030
2857 0.2706003189086914
2858 0.2722802162170410
2859 0.2739590406417847
2860 0.2756370306015015
2861 0.2773145437240601
2862 0.2789910137653351
2863 0.2806664407253265
2864 0.2823410630226135
2865 0.2840147912502289
2866 0.2856882214546204
2867 0.2873602807521820
2868 0.2890314757823944
2869 0.2907017469406128
2870 0.2923711836338043
2871 0.2940402626991272
2872 0.2957078814506531
2873 0.2973745763301849
2874 0.2990403473377228
2875 0.3007057607173920
2876 0.3023696839809418
2877 0.3040327131748199
2878 0.3056947886943817
2879 0.3073559999465942
2880 0.3090167939662933
2881 0.3106761276721954
2882 0.3123345673084259
2883 0.3139919936656952
2884 0.3156490325927734
2885 0.3173045814037323
2886 0.3189590871334076
2887 0.3206126391887665
2888 0.3222652077674866
2889 0.3239172995090485
2890 0.3255678713321686
2891 0.3272174596786499
2892 0.3288660645484924
2893 0.3305141925811768
2894 0.3321608304977417
2895 0.3338064551353455
2896 0.3354510962963104
2897 0.3370946347713470
2898 0.3387377858161926
2899 0.3403793573379517
2900 0.3420198261737823
2901 0.3436592817306519
2902 0.3452981710433960
2903 0.3469354808330536
2904 0.3485717177391052
2905 0.3502069115638733
2906 0.3518410027027130
2907 0.3534745872020721
2908 0.3551065921783447
2909 0.3567375242710114
2910 0.3583673834800720
2911 0.3599966168403625
2912 0.3616243302822113
2913 0.3632509410381317
2914 0.3648764193058014
2915 0.3665009140968323
2916 0.3681244552135468
2917 0.3697465062141418
2918 0.3713674545288086
2919 0.3729874193668365
2920 0.3746064305305481
2921 0.3762239515781403
2922 0.3778403699398041
2923 0.3794558048248291
2924 0.3810699284076691
2925 0.3826833069324493
2926 0.3842950761318207
2927 0.3859058916568756
2928 0.3875153362751007
2929 0.3891239166259766
2930 0.3907309472560883
2931 0.3923369646072388
2932 0.3939416110515594
2933 0.3955450356006622
2934 0.3971476554870605
2935 0.3987488448619843
2936 0.4003486931324005
2937 0.4019473493099213
2938 0.4035451412200928
2939 0.4051415920257568
2940 0.4067365229129791
2941 0.4083302319049835
2942 0.4099227190017700
2943 0.4115144312381744
2944 0.4131043553352356
2945 0.4146929979324341
2946 0.4162804186344147
2947 0.4178665280342102
2948 0.4194519221782684
2949 0.4210355281829834
2950 0.4226178526878357
2951 0.4241989254951477
2952 0.4257792234420776
2953 0.4273577928543091
2954 0.4289348721504211
2955 0.4305107295513153
2956 0.4320852756500244
2957 0.4336590170860291
2958 0.4352308809757233
2959 0.4368014335632324
2960 0.4383706450462341
2961 0.4399390220642090
2962 0.4415055811405182
2963 0.4430707991123199
2964 0.4446346759796143
2965 0.4461972117424011
2966 0.4477589428424835
2967 0.4493188261985779
2968 0.4508772194385529
2969 0.4524343013763428
2970 0.4539904892444611
2971 0.4555447995662689
2972 0.4570976793766022
2973 0.4586491584777832
2974 0.4601992368698120
2975 0.4617484211921692
2976 0.4632956981658936
2977 0.4648416042327881
2978 0.4663860797882080
2979 0.4679296612739563
2980 0.4694713354110718
2981 0.4710116088390350
2982 0.4725503921508789
2983 0.4740877747535706
2984 0.4756241440773010
2985 0.4771585762500763
2986 0.4786915481090546
2987 0.4802230298519135
2988 0.4817535579204559
2989 0.4832821488380432
2990 0.4848092496395111
2991 0.4863348901271820
2992 0.4878592193126678
2993 0.4893822371959686
2994 0.4909034669399261
2995 0.4924232661724091
2996 0.4939415156841278
2997 0.4954586029052734
2998 0.4969738125801086
2999 0.4984875023365021
3000 0.4999998211860657
3001 0.5015104413032532
3002 0.5030198097229004
3003 0.5045273900032043
3004 0.5060335397720337
3005 0.5075379610061646
3006 0.5090412497520447
3007 0.5105426311492920
3008 0.5120427012443542
3009 0.5135409832000732
3010 0.5150375962257385
3011 0.5165331363677979
3012 0.5180269479751587
3013 0.5195189714431763
3014 0.5210093259811401
3015 0.5224984884262085
3016 0.5239858627319336
3017 0.5254714488983154
3018 0.5269554853439331
3019 0.5284379124641418
3020 0.5299191474914551
3021 0.5313983559608459
3022 0.5328759551048279
3023 0.5343519449234009
3024 0.5358263850212097
3025 0.5372995734214783
3026 0.5387706756591797
3027 0.5402401089668274
3028 0.5417078733444214
3029 0.5431744456291199
3030 0.5446388721466064
3031 0.5461016893386841
3032 0.5475627779960632
3033 0.5490222573280334
3034 0.5504805445671082
3035 0.5519366860389709
3036 0.5533911585807800
3037 0.5548440217971802
3038 0.5562954545021057
3039 0.5577449202537537
3040 0.5591926574707031
3041 0.5606386661529541
3042 0.5620829463005066
3043 0.5635259747505188
3044 0.5649667978286743
3045 0.5664058923721313
3046 0.5678433179855347
3047 0.5692794322967529
3048 0.5707133412361145
3049 0.5721455812454224
3050 0.5735760331153870
3051 0.5750048160552979
3052 0.5764321684837341
3053 0.5778573751449585
3054 0.5792808532714844
3055 0.5807025432586670
3056 0.5821228623390198
3057 0.5835409760475159
3058 0.5849573016166687
3059 0.5863718986511230
3060 0.5877846479415894
3061 0.5891960859298706
3062 0.5906053185462952
3063 0.5920127630233765
3064 0.5934184193611145
3065 0.5948227643966675
3066 0.5962246060371399
3067 0.5976248383522034
3068 0.5990231633186340
3069 0.6004198789596558
3070 0.6018148660659790
3071 0.6032076478004456
3072 0.6045987010002136
3073 0.6059879660606384
3074 0.6073756217956543
3075 0.6087610721588135
3076 0.6101447343826294
3077 0.6115266680717468
3078 0.6129066348075867
3079 0.6142850518226624
3080 0.6156612038612366
3081 0.6170357465744019
3082 0.6184081435203552
3083 0.6197789907455444
3084 0.6211476325988770
3085 0.6225145459175110
3086 0.6238793730735779
3087 0.6252422928810120
3088 0.6266036033630371
3089 0.6279628872871399
3090 0.6293200850486755
3091 0.6306754350662231
3092 0.6320290565490723
3093 0.6333807110786438
3094 0.6347302198410034
3095 0.6360778808593750
3096 0.6374235749244690
3097 0.6387677788734436
3098 0.6401095390319824
3099 0.6414493322372437
3100 0.6427872180938721
3101 0.6441231369972229
3102 0.6454575061798096
3103 0.6467894911766052
3104 0.6481195092201233
3105 0.6494475603103638
3106 0.6507741212844849
3107 0.6520982980728149
3108 0.6534202694892883
3109 0.6547405123710632
3110 0.6560586690902710
3111 0.6573752164840698
3112 0.6586893796920776
3113 0.6600014567375183
3114 0.6613115668296814
3115 0.6626200079917908
3116 0.6639260649681091
3117 0.6652300953865051
3118 0.6665320992469788
3119 0.6678320169448853
3120 0.6691304445266724
3121 0.6704263091087341
3122 0.6717202067375183
3123 0.6730120778083801
3124 0.6743022799491882
3125 0.6755900382995605
3126 0.6768757104873657
3127 0.6781592965126038
3128 0.6794408559799194
3129 0.6807206869125366
3130 0.6819980740547180
3131 0.6832733750343323
3132 0.6845465898513794
3133 0.6858181953430176
3134 0.6870872974395752
3135 0.6883543133735657
3136 0.6896190643310547
3137 0.6908819079399109
3138 0.6921430230140686
3139 0.6934015750885010
3140 0.6946580410003662
3141 0.6959123611450195
3142 0.6971649527549744
3143 0.6984150409698486
3144 0.6996629834175110
3145 0.7009087800979614
3146 0.7021526694297791
3147 0.7033944725990295
3148 0.7046339511871338
3149 0.7058712840080261
3150 0.7071066498756409
3151 0.7083397507667542
3152 0.7095705866813660
3153 0.7107992172241211
3154 0.7120258212089539
3155 0.7132501602172852
3156 0.7144725322723389
3157 0.7156925201416016
3158 0.7169103622436523
3159 0.7181259393692017
3160 0.7193396091461182
3161 0.7205508351325989
3162 0.7217600345611572
3163 0.7229669094085693
3164 0.7241715788841248
3165 0.7253742218017578
3166 0.7265745997428894
3167 0.7277725934982300
3168 0.7289683818817139
3169 0.7301619648933411
3170 0.7313536405563354
3171 0.7325427532196045
3172 0.7337296009063721
3173 0.7349141836166382
3174 0.7360969781875610
3175 0.7372771501541138
3176 0.7384550571441650
3177 0.7396307587623596
3178 0.7408041954040527
3179 0.7419757843017578
3180 0.7431446909904480
3181 0.7443113327026367
3182 0.7454757094383240
3183 0.7466381788253784
3184 0.7477979660034180
3185 0.7489554882049561
3186 0.7501107454299927
3187 0.7512636780738831
3188 0.7524147629737854
3189 0.7535631656646729
3190 0.7547092437744141
3191 0.7558531165122986
3192 0.7569950222969055
3193 0.7581341862678528
3194 0.7592710852622986
3195 0.7604057192802429
3196 0.7615379691123962
3197 0.7626682519912720
3198 0.7637958526611328
3199 0.7649211287498474
3200 0.7660440802574158
3201 0.7671650648117065
3202 0.7682833075523376
3203 0.7693992257118225
3204 0.7705128788948059
3205 0.7716241478919983
3206 0.7727334499359131
3207 0.7738400101661682
3208 0.7749442458152771
3209 0.7760460972785950
3210 0.7771459817886353
3211 0.7782430648803711
3212 0.7793378233909607
3213 0.7804301381111145
3214 0.7815201282501221
3215 0.7826080322265625
3216 0.7836932539939880
3217 0.7847760915756226
3218 0.7858564853668213
3219 0.7869349122047424
3220 0.7880105972290039
3221 0.7890838980674744
3222 0.7901547551155090
3223 0.7912232875823975
3224 0.7922895550727844
3225 0.7933531403541565
3226 0.7944143414497375
3227 0.7954732179641724
3228 0.7965297698974609
3229 0.7975836992263794
3230 0.7986351847648621
3231 0.7996843457221985
3232 0.8007310032844543
3233 0.8017755150794983
3234 0.8028172850608826
3235 0.8038566708564758
3236 0.8048935532569885
3237 0.8059282302856445
3238 0.8069602251052856
3239 0.8079897761344910
3240 0.8090168237686157
3241 0.8100413680076599
3242 0.8110637068748474
3243 0.8120834231376648
3244 0.8131005764007568
3245 0.8141152262687683
3246 0.8151274323463440
3247 0.8161374926567078
3248 0.8171447515487671
3249 0.8181495070457458
3250 0.8191518187522888
3251 0.8201519250869751
3252 0.8211491703987122
3253 0.8221439719200134
3254 0.8231362104415894
3255 0.8241259455680847
3256 0.8251134753227234
3257 0.8260981440544128
3258 0.8270803093910217
3259 0.8280599713325500
3260 0.8290374875068665
3261 0.8300120830535889
3262 0.8309842348098755
3263 0.8319538235664368
3264 0.8329209089279175
3265 0.8338857293128967
3266 0.8348477482795715
3267 0.8358071446418762
3268 0.8367640376091003
3269 0.8377186655998230
3270 0.8386704325675964
3271 0.8396196365356445
3272 0.8405663371086121
3273 0.8415104150772095
3274 0.8424522876739502
3275 0.8433912992477417
3276 0.8443277478218079
3277 0.8452616333961487
3278 0.8461931347846985
3279 0.8471218347549438
3280 0.8480479717254639
3281 0.8489714264869690
3282 0.8498923778533936
3283 0.8508110046386719
3284 0.8517267107963562
3285 0.8526399135589600
3286 0.8535504341125488
3287 0.8544586896896362
3288 0.8553640842437744
3289 0.8562668561935425
3290 0.8571670651435852
3291 0.8580645322799683
3292 0.8589597940444946
3293 0.8598521351814270
3294 0.8607418537139893
3295 0.8616289496421814
3296 0.8625136613845825
3297 0.8633954524993896
3298 0.8642746210098267
3299 0.8651511669158936
3300 0.8660251498222351
3301 0.8668966293334961
3302 0.8677652478218079
3303 0.8686312437057495
3304 0.8694947361946106
3305 0.8703556060791016
3306 0.8712136745452881
3307 0.8720690608024597
3308 0.8729219436645508
3309 0.8737720251083374
3310 0.8746196031570435
3311 0.8754643797874451
3312 0.8763065338134766
3313 0.8771459460258484
3314 0.8779829144477844
3315 0.8788169622421265
3316 0.8796484470367432
3317 0.8804771900177002
3318 0.8813032507896423
3319 0.8821266889572144
3320 0.8829475045204163
3321 0.8837655186653137
3322 0.8845808506011963
3323 0.8853934407234192
3324 0.8862035870552063
3325 0.8870108127593994
3326 0.8878152966499329
3327 0.8886170387268066
3328 0.8894163966178894
3329 0.8902127742767334
3330 0.8910064101219177
3331 0.8917973637580872
3332 0.8925855755805969
3333 0.8933712840080261
3334 0.8941541314125061
3335 0.8949342370033264
3336 0.8957115411758423
3337 0.8964864611625671
3338 0.8972583413124084
3339 0.8980274796485901
3340 0.8987938761711121
3341 0.8995575308799744
3342 0.9003186821937561
3343 0.9010769128799438
3344 0.9018323421478271
3345 0.9025850296020508
3346 0.9033352136611938
3347 0.9040824174880981
3348 0.9048268795013428
3349 0.9055685997009277
3350 0.9063075184822083
3351 0.9070439338684082
3352 0.9077773690223694
3353 0.9085080027580261
3354 0.9092358350753784
3355 0.9099611639976501
3356 0.9106835126876831
3357 0.9114030599594116
3358 0.9121198654174805
3359 0.9128338694572449
3360 0.9135453701019287
3361 0.9142537713050842
3362 0.9149594902992249
3363 0.9156624078750610
3364 0.9163627028465271
3365 0.9170600175857544
3366 0.9177545309066772
3367 0.9184462428092957
3368 0.9191350936889648
3369 0.9198214411735535
3370 0.9205046892166138
3371 0.9211851954460144
3372 0.9218629002571106
3373 0.9225379824638367
3374 0.9232100844383240
3375 0.9238793849945068
3376 0.9245458245277405
3377 0.9252095818519592
3378 0.9258705377578735
3379 0.9265285134315491
3380 0.9271836876869202
3381 0.9278360605239868
3382 0.9284857511520386
3383 0.9291324019432068
3384 0.9297763109207153
3385 0.9304173588752747
3386 0.9310556054115295
3387 0.9316911101341248
3388 0.9323236942291260
3389 0.9329534769058228
3390 0.9335802793502808
3391 0.9342044591903687
3392 0.9348255991935730
3393 0.9354439973831177
3394 0.9360594749450684
3395 0.9366720914840698
3396 0.9372819662094116
3397 0.9378889203071594
3398 0.9384929537773132
3399 0.9390941262245178
3400 0.9396924376487732
3401 0.9402881264686584
3402 0.9408807158470154
3403 0.9414705038070679
3404 0.9420572519302368
3405 0.9426414370536804
3406 0.9432226419448853
3407 0.9438008666038513
3408 0.9443762898445129
3409 0.9449487924575806
3410 0.9455185532569885
3411 0.9460853338241577
3412 0.9466491341590881
3413 0.9472101330757141
3414 0.9477683901786804
3415 0.9483235478401184
3416 0.9488758444786072
3417 0.9494252800941467
3418 0.9499718546867371
3419 0.9505156874656677
3420 0.9510564208030701
3421 0.9515942931175232
3422 0.9521291851997375
3423 0.9526613950729370
3424 0.9531905055046082
3425 0.9537167549133301
3426 0.9542400836944580
3427 0.9547605514526367
3428 0.9552782773971558
3429 0.9557929039001465
3430 0.9563046097755432
3431 0.9568134546279907
3432 0.9573194980621338
3433 0.9578225016593933
3434 0.9583224654197693
3435 0.9588196277618408
3436 0.9593138098716736
3437 0.9598052501678467
3438 0.9602935910224915
3439 0.9607790112495422
3440 0.9612615108489990
3441 0.9617412090301514
3442 0.9622178673744202
3443 0.9626916050910950
3444 0.9631623625755310
3445 0.9636302590370178
3446 0.9640954136848450
3447 0.9645574092864990
3448 0.9650164246559143
3449 0.9654725193977356
3450 0.9659258127212524
3451 0.9663760066032410
3452 0.9668232798576355
3453 0.9672675728797913
3454 0.9677090048789978
3455 0.9681475162506104
3456 0.9685829877853394
3457 0.9690155386924744
3458 0.9694452285766602
3459 0.9698719978332520
3460 0.9702956080436707
3461 0.9707163572311401
3462 0.9711341857910156
3463 0.9715490341186523
3464 0.9719609618186951
3465 0.9723698496818542
3466 0.9727758765220642
3467 0.9731788039207458
3468 0.9735788106918335
3469 0.9739759564399719
3470 0.9743700623512268
3471 0.9747611880302429
3472 0.9751493334770203
3473 0.9755345582962036
3474 0.9759167432785034
3475 0.9762960076332092
3476 0.9766722321510315
3477 0.9770454764366150
3478 0.9774159193038940
3479 0.9777832031250000
3480 0.9781475663185120
3481 0.9785088896751404
3482 0.9788673520088196
3483 0.9792227149009705
3484 0.9795750975608826
3485 0.9799245595932007
3486 0.9802709817886353
3487 0.9806146025657654
3488 0.9809551239013672
3489 0.9812926054000854
3490 0.9816271066665649
3491 0.9819587469100952
3492 0.9822872281074524
3493 0.9826127290725708
3494 0.9829352498054504
3495 0.9832547903060913
3496 0.9835714101791382
3497 0.9838849306106567
3498 0.9841954708099365
3499 0.9845030307769775
3500 0.9848076701164246
3501 0.9851092100143433
3502 0.9854078292846680
3503 0.9857034087181091
3504 0.9859959483146667
3505 0.9862855672836304
3506 0.9865720868110657
3507 0.9868556261062622
3508 0.9871361851692200
3509 0.9874137639999390
3510 0.9876883029937744
3511 0.9879598021507263
3512 0.9882282614707947
3513 0.9884937405586243
3514 0.9887562990188599
3515 0.9890158176422119
3516 0.9892722964286804
3517 0.9895256757736206
3518 0.9897761940956116
3519 0.9900236129760742
3520 0.9902679920196533
3521 0.9905093312263489
3522 0.9907476902008057
3523 0.9909830689430237
3524 0.9912154078483582
3525 0.9914447069168091
3526 0.9916710257530212
3527 0.9918943643569946
3528 0.9921146631240845
3529 0.9923319220542908
3530 0.9925460815429688
3531 0.9927573204040527
3532 0.9929655194282532
3533 0.9931706786155701
3534 0.9933727979660034
3535 0.9935718774795532
3536 0.9937679767608643
3537 0.9939609766006470
3538 0.9941509962081909
3539 0.9943379759788513
3540 0.9945218563079834
3541 0.9947028160095215
3542 0.9948806166648865
3543 0.9950554370880127
3544 0.9952272772789001
3545 0.9953961372375488
3546 0.9955619573593140
3547 0.9957246780395508
3548 0.9958844184875488
3549 0.9960410594940186
3550 0.9961947202682495
3551 0.9963453412055969
3552 0.9964928627014160
3553 0.9966373443603516
3554 0.9967788457870483
3555 0.9969173073768616
3556 0.9970526695251465
3557 0.9971850514411926
3558 0.9973145127296448
3559 0.9974408149719238
3560 0.9975640773773193
3561 0.9976842403411865
3562 0.9978014230728149
3563 0.9979155659675598
3564 0.9980266690254211
3565 0.9981347322463989
3566 0.9982397556304932
3567 0.9983417391777039
3568 0.9984406828880310
3569 0.9985365867614746
3570 0.9986294507980347
3571 0.9987192749977112
3572 0.9988060593605042
3573 0.9988898634910583
3574 0.9989705681800842
3575 0.9990482330322266
3576 0.9991227984428406
3577 0.9991943836212158
3578 0.9992629289627075
3579 0.9993283748626709
3580 0.9993908405303955
3581 0.9994502067565918
3582 0.9995065331459045
3583 0.9995598793029785
3584 0.9996101260185242
3585 0.9996573328971863
3586 0.9997014403343201
3587 0.9997426271438599
3588 0.9997807145118713
3589 0.9998157620429993
3590 0.9998477697372437
3591 0.9998766779899597
3592 0.9999026060104370
3593 0.9999254345893860
3594 0.9999452233314514
3595 0.9999619722366333
3596 0.9999756813049316
3597 0.9999862909317017
3598 0.9999939203262329
3599 0.9999984502792358
3600 0.0000000000000000
