0 0.0000000000000000
1 0.0017453283658983
2 0.0034906514152237
3 0.0052359638314196
4 0.0069812602979616
5 0.0087265354983739
6 0.0104717841162458
7 0.0122170008352472
8 0.0139621803391453
9 0.0157073173118207
10 0.0174524064372835
11 0.0191974423996897
12 0.0209424198833570
13 0.0226873335727814
14 0.0244321781526532
15 0.0261769483078732
16 0.0279216387235689
17 0.0296662440851108
18 0.0314107590781283
19 0.0331551783885263
20 0.0348994967025010
21 0.0366437087065563
22 0.0383878090875200
23 0.0401317925325597
24 0.0418756537291996
25 0.0436193873653360
26 0.0453629881292538
27 0.0471064507096427
28 0.0488497697956133
29 0.0505929400767133
30 0.0523359562429438
31 0.0540788129847753
32 0.0558215049931638
33 0.0575640269595673
34 0.0593063735759617
35 0.0610485395348569
36 0.0627905195293134
37 0.0645323082529580
38 0.0662739004000002
39 0.0680152906652482
40 0.0697564737441253
41 0.0714974443326859
42 0.0732381971276317
43 0.0749787268263277
44 0.0767190281268186
45 0.0784590957278449
46 0.0801989243288589
47 0.0819385086300409
48 0.0836778433323155
49 0.0854169231373674
50 0.0871557427476581
51 0.0888942968664415
52 0.0906325801977801
53 0.0923705874465615
54 0.0941083133185143
55 0.0958457525202239
56 0.0975828997591494
57 0.0993197497436389
58 0.1010562971829462
59 0.1027925367872467
60 0.1045284632676534
61 0.1062640713362331
62 0.1079993557060227
63 0.1097343110910451
64 0.1114689322063254
65 0.1132032137679066
66 0.1149371504928665
67 0.1166707370993330
68 0.1184039683065008
69 0.1201368388346470
70 0.1218693434051473
71 0.1236014767404925
72 0.1253332335643041
73 0.1270646086013503
74 0.1287955965775626
75 0.1305261922200514
76 0.1322563902571222
77 0.1339861854182919
78 0.1357155724343042
79 0.1374445460371465
80 0.1391731009600652
81 0.1409012319375824
82 0.1426289337055114
83 0.1443562010009730
84 0.1460830285624114
85 0.1478094111296104
86 0.1495353434437093
87 0.1512608202472190
88 0.1529858362840378
89 0.1547103862994678
90 0.1564344650402306
91 0.1581580672544833
92 0.1598811876918346
93 0.1616038211033608
94 0.1633259622416220
95 0.1650476058606773
96 0.1667687467161020
97 0.1684893795650023
98 0.1702094991660322
99 0.1719291002794092
100 0.1736481776669300
101 0.1753667260919868
102 0.1770847403195829
103 0.1788022151163493
104 0.1805191452505596
105 0.1822355254921471
106 0.1839513506127198
107 0.1856666153855768
108 0.1873813145857242
109 0.1890954429898909
110 0.1908089953765444
111 0.1925219665259070
112 0.1942343512199716
113 0.1959461442425172
114 0.1976573403791257
115 0.1993679344171967
116 0.2010779211459642
117 0.2027872953565120
118 0.2044960518417899
119 0.2062041853966292
120 0.2079116908177589
121 0.2096185629038213
122 0.2113247964553882
123 0.2130303862749761
124 0.2147353271670627
125 0.2164396139381023
126 0.2181432413965421
127 0.2198462043528370
128 0.2215484976194668
129 0.2232501160109508
130 0.2249510543438645
131 0.2266513074368545
132 0.2283508701106552
133 0.2300497371881039
134 0.2317479034941568
135 0.2334453638559048
136 0.2351421131025895
137 0.2368381460656181
138 0.2385334575785803
139 0.2402280424772631
140 0.2419218955996671
141 0.2436150117860219
142 0.2453073858788020
143 0.2469990127227423
144 0.2486898871648542
145 0.2503800040544408
146 0.2520693582431130
147 0.2537579445848050
148 0.2554457579357899
149 0.2571327931546956
150 0.2588190451025201
151 0.2605045086426477
152 0.2621891786408641
153 0.2638730499653723
154 0.2655561174868081
155 0.2672383760782562
156 0.2689198206152650
157 0.2706004459758630
158 0.2722802470405736
159 0.2739592186924318
160 0.2756373558169985
161 0.2773146533023771
162 0.2789911060392286
163 0.2806667089207872
164 0.2823414568428758
165 0.2840153447039220
166 0.2856883674049730
167 0.2873605198497114
168 0.2890317969444711
169 0.2907021935982519
170 0.2923717047227363
171 0.2940403252323035
172 0.2957080500440463
173 0.2973748740777856
174 0.2990407922560863
175 0.3007057995042727
176 0.3023698907504442
177 0.3040330609254899
178 0.3056953049631054
179 0.3073566177998068
180 0.3090169943749472
181 0.3106764296307316
182 0.3123349185122324
183 0.3139924559674048
184 0.3156490369471023
185 0.3173046564050920
186 0.3189593092980699
187 0.3206129905856762
188 0.3222656952305110
189 0.3239174181981494
190 0.3255681544571567
191 0.3272178989791039
192 0.3288666467385833
193 0.3305143927132231
194 0.3321611318837034
195 0.3338068592337711
196 0.3354515697502551
197 0.3370952584230822
198 0.3387379202452916
199 0.3403795502130503
200 0.3420201433256689
201 0.3436596945856163
202 0.3452981989985349
203 0.3469356515732562
204 0.3485720473218155
205 0.3502073812594678
206 0.3518416484047022
207 0.3534748437792575
208 0.3551069624081375
209 0.3567379993196256
210 0.3583679495453007
211 0.3599968081200517
212 0.3616245700820929
213 0.3632512304729789
214 0.3648767843376202
215 0.3665012267242979
216 0.3681245526846785
217 0.3697467572738299
218 0.3713678355502354
219 0.3729877825758096
220 0.3746065934159127
221 0.3762242631393663
222 0.3778407868184678
223 0.3794561595290059
224 0.3810703763502749
225 0.3826834323650906
226 0.3842953226598045
227 0.3859060423243194
228 0.3875155864521038
229 0.3891239501402072
230 0.3907311284892747
231 0.3923371166035624
232 0.3939419095909520
233 0.3955455025629659
234 0.3971478906347816
235 0.3987490689252473
236 0.4003490325568960
237 0.4019477766559613
238 0.4035452963523911
239 0.4051415867798636
240 0.4067366430758013
241 0.4083304603813860
242 0.4099230338415740
243 0.4115143586051100
244 0.4131044298245430
245 0.4146932426562403
246 0.4162807922604024
247 0.4178670738010780
248 0.4194520824461784
249 0.4210358133674924
250 0.4226182617407008
251 0.4241994227453915
252 0.4257792915650740
253 0.4273578633871937
254 0.4289351334031473
255 0.4305110968082966
256 0.4320857488019837
257 0.4336590845875458
258 0.4352310993723290
259 0.4368017883677037
260 0.4383711467890789
261 0.4399391698559167
262 0.4415058527917468
263 0.4430711908241813
264 0.4446351791849291
265 0.4461978131098104
266 0.4477590878387714
267 0.4493189986158982
268 0.4508775406894325
269 0.4524347093117845
270 0.4539904997395486
271 0.4555449072335173
272 0.4570979270586960
273 0.4586495544843167
274 0.4601997847838535
275 0.4617486132350358
276 0.4632960351198636
277 0.4648420457246215
278 0.4663866403398931
279 0.4679298142605753
280 0.4694715627858928
281 0.4710118812194120
282 0.4725507648690560
283 0.4740882090471183
284 0.4756242090702772
285 0.4771587602596104
286 0.4786918579406088
287 0.4802234974431911
288 0.4817536741017174
289 0.4832823832550046
290 0.4848096202463392
291 0.4863353804234927
292 0.4878596591387349
293 0.4893824517488485
294 0.4909037536151431
295 0.4924235601034694
296 0.4939418665842332
297 0.4954586684324098
298 0.4969739610275576
299 0.4984877397538326
300 0.5000000000000023
301 0.5015107371594597
302 0.5030199466302374
303 0.5045276238150216
304 0.5060337641211663
305 0.5075383629607066
306 0.5090414157503738
307 0.5105429179116083
308 0.5120428648705740
309 0.5135412520581727
310 0.5150380749100567
311 0.5165333288666444
312 0.5180270093731327
313 0.5195191118795121
314 0.5210096318405790
315 0.5224985647159515
316 0.5239859059700818
317 0.5254716510722705
318 0.5269557954966801
319 0.5284383347223498
320 0.5299192642332077
321 0.5313985795180856
322 0.5328762760707327
323 0.5343523493898291
324 0.5358267949789993
325 0.5372996083468267
326 0.5387707850068658
327 0.5402403204776578
328 0.5417082102827427
329 0.5431744499506735
330 0.5446390350150300
331 0.5461019610144320
332 0.5475632234925533
333 0.5490228179981347
334 0.5504807400849986
335 0.5519369853120611
336 0.5533915492433471
337 0.5548444274480022
338 0.5562956155003078
339 0.5577451089796932
340 0.5591929034707499
341 0.5606389945632448
342 0.5620833778521337
343 0.5635260489375745
344 0.5649670034249410
345 0.5664062369248359
346 0.5678437450531044
347 0.5692795234308473
348 0.5707135676844348
349 0.5721458734455195
350 0.5735764363510493
351 0.5750052520432819
352 0.5764323161697966
353 0.5778576243835086
354 0.5792811723426822
355 0.5807029557109431
356 0.5821229701572928
357 0.5835412113561208
358 0.5849576749872188
359 0.5863723567357927
360 0.5877852522924765
361 0.5891963573533454
362 0.5906056676199287
363 0.5920131787992229
364 0.5934188866037049
365 0.5948227867513448
366 0.5962248749656193
367 0.5976251469755246
368 0.5990235985155893
369 0.6004202253258876
370 0.6018150231520518
371 0.6032079877452859
372 0.6045991148623785
373 0.6059884002657147
374 0.6073758397232903
375 0.6087614290087242
376 0.6101451639012713
377 0.6115270401858349
378 0.6129070536529801
379 0.6142852000989469
380 0.6156614753256620
381 0.6170358751407523
382 0.6184083953575579
383 0.6197790317951439
384 0.6211477802783141
385 0.6225146366376233
386 0.6238795967093900
387 0.6252426563357090
388 0.6266038113644643
389 0.6279630576493417
390 0.6293203910498413
391 0.6306758074312900
392 0.6320293026648547
393 0.6333808726275540
394 0.6347305132022715
395 0.6360782202777678
396 0.6374239897486937
397 0.6387678175156016
398 0.6401096994849594
399 0.6414496315691618
400 0.6427876096865432
401 0.6441236297613905
402 0.6454576877239545
403 0.6467897795104636
404 0.6481199010631349
405 0.6494480483301877
406 0.6507742172658549
407 0.6520984038303962
408 0.6534206039901095
409 0.6547408137173438
410 0.6560590289905114
411 0.6573752457940999
412 0.6586894601186846
413 0.6600016679609408
414 0.6613118653236560
415 0.6626200482157416
416 0.6639262126522458
417 0.6652303546543651
418 0.6665324702494567
419 0.6678325554710508
420 0.6691306063588625
421 0.6704266189588033
422 0.6717205893229945
423 0.6730125135097776
424 0.6743023875837277
425 0.6755902076156646
426 0.6768759696826651
427 0.6781596698680749
428 0.6794413042615208
429 0.6807208689589221
430 0.6819983600625028
431 0.6832737736808034
432 0.6845471059286931
433 0.6858183529273806
434 0.6870875108044273
435 0.6883545756937584
436 0.6896195437356741
437 0.6908824110768628
438 0.6921431738704112
439 0.6934018282758174
440 0.6946583704590017
441 0.6959127965923189
442 0.6971651028545690
443 0.6984152854310104
444 0.6996633405133699
445 0.7009092642998553
446 0.7021530529951668
447 0.7033947028105083
448 0.7046342099635992
449 0.7058715706786856
450 0.7071067811865520
451 0.7083398377245335
452 0.7095707365365254
453 0.7107994738729970
454 0.7120260459910009
455 0.7132504491541861
456 0.7144726796328079
457 0.7156927337037404
458 0.7169106076504874
459 0.7181262977631934
460 0.7193398003386557
461 0.7205511116803350
462 0.7217602280983669
463 0.7229671459095728
464 0.7241718614374721
465 0.7253743710122924
466 0.7265746709709806
467 0.7277727576572152
468 0.7289686274214162
469 0.7301622766207571
470 0.7313537016191752
471 0.7325428987873834
472 0.7337298645028811
473 0.7349145951499645
474 0.7360970871197391
475 0.7372773368101286
476 0.7384553406258885
477 0.7396310949786145
478 0.7408045962867548
479 0.7419758409756211
480 0.7431448254773990
481 0.7443115462311588
482 0.7454759996828669
483 0.7466381822853962
484 0.7477980904985367
485 0.7489557207890070
486 0.7501110696304644
487 0.7512641335035160
488 0.7524149088957292
489 0.7535633923016428
490 0.7547095802227768
491 0.7558534691676444
492 0.7569950556517613
493 0.7581343361976570
494 0.7592713073348856
495 0.7604059656000358
496 0.7615383075367417
497 0.7626683296956932
498 0.7637960286346470
499 0.7649214009184366
500 0.7660444431189829
501 0.7671651518153044
502 0.7682835235935284
503 0.7693995550468999
504 0.7705132427757941
505 0.7716245833877250
506 0.7727335734973559
507 0.7738402097265111
508 0.7749444887041844
509 0.7760464070665509
510 0.7771459614569759
511 0.7782431485260259
512 0.7793379649314791
513 0.7804304073383347
514 0.7815204724188237
515 0.7826081568524189
516 0.7836934573258447
517 0.7847763705330879
518 0.7858568931754067
519 0.7869350219613424
520 0.7880107536067269
521 0.7890840848346956
522 0.7901550123756954
523 0.7912235329674950
524 0.7922896433551957
525 0.7933533402912402
526 0.7944146205354232
527 0.7954734808549009
528 0.7965299180242014
529 0.7975839288252335
530 0.7986355100472978
531 0.7996846584870956
532 0.8007313709487385
533 0.8017756442437590
534 0.8028174751911197
535 0.8038568606172224
536 0.8048937973559193
537 0.8059282822485208
538 0.8069603121438070
539 0.8079898838980355
540 0.8090169943749524
541 0.8100416404458011
542 0.8110638189893317
543 0.8120835268918113
544 0.8131007610470327
545 0.8141155183563242
546 0.8151277957285593
547 0.8161375900801653
548 0.8171448983351336
549 0.8181497174250285
550 0.8191520442889969
551 0.8201518758737771
552 0.8211492091337091
553 0.8221440410307425
554 0.8231363685344469
555 0.8241261886220208
556 0.8251134982783002
557 0.8260982944957690
558 0.8270805742745668
559 0.8280603346224995
560 0.8290375725550468
561 0.8300122850953725
562 0.8309844692743333
563 0.8319541221304876
564 0.8329212407101045
565 0.8338858220671732
566 0.8348478632634116
567 0.8358073613682754
568 0.8367643134589667
569 0.8377187166204438
570 0.8386705679454290
571 0.8396198645344184
572 0.8405666034956893
573 0.8415107819453113
574 0.8424523970071527
575 0.8433914458128907
576 0.8443279255020202
577 0.8452618332218612
578 0.8461931661275691
579 0.8471219213821423
580 0.8480480961564311
581 0.8489716876291467
582 0.8498926929868690
583 0.8508111094240562
584 0.8517269341430527
585 0.8526401643540973
586 0.8535507972753326
587 0.8544588301328124
588 0.8553642601605117
589 0.8562670846003332
590 0.8571673007021173
591 0.8580649057236496
592 0.8589598969306694
593 0.8598522715968785
594 0.8607420270039486
595 0.8616291604415308
596 0.8625136692072625
597 0.8633955506067766
598 0.8642748019537098
599 0.8651514205697095
600 0.8660254037844437
601 0.8668967489356079
602 0.8677654533689334
603 0.8686315144381963
604 0.8694949295052241
605 0.8703556959399048
606 0.8712138111201945
607 0.8720692724321257
608 0.8729220772698147
609 0.8737722230354703
610 0.8746197071394008
611 0.8754645270000229
612 0.8763066800438687
613 0.8771461637055937
614 0.8779829754279856
615 0.8788171126619704
616 0.8796485728666216
617 0.8804773535091669
618 0.8813034520649973
619 0.8821268660176728
620 0.8829475928589319
621 0.8837656300886985
622 0.8845809752150889
623 0.8853936257544208
624 0.8862035792312197
625 0.8870108331782266
626 0.8878153851364063
627 0.8886172326549537
628 0.8894163732913025
629 0.8902128046111314
630 0.8910065241883728
631 0.8917975296052191
632 0.8925858184521304
633 0.8933713883278425
634 0.8941542368393730
635 0.8949343616020300
636 0.8957117602394177
637 0.8964864303834453
638 0.8972583696743334
639 0.8980275757606204
640 0.8987940462991718
641 0.8995577789551851
642 0.9003187714021983
643 0.9010770213220962
644 0.9018325264051184
645 0.9025852843498652
646 0.9033352928633053
647 0.9040825496607829
648 0.9048270524660240
649 0.9055687990111440
650 0.9063077870366542
651 0.9070440142914691
652 0.9077774785329129
653 0.9085081775267260
654 0.9092361090470726
655 0.9099612708765472
656 0.9106836608061811
657 0.9114032766354491
658 0.9121201161722768
659 0.9128341772330466
660 0.9135454576426046
661 0.9142539552342673
662 0.9149596678498284
663 0.9156625933395646
664 0.9163627295622432
665 0.9170600743851275
666 0.9177546256839845
667 0.9184463813430905
668 0.9191353392552377
669 0.9198214973217409
670 0.9205048534524436
671 0.9211854055657244
672 0.9218631515885035
673 0.9225380894562494
674 0.9232102171129838
675 0.9238795325112897
676 0.9245460336123160
677 0.9252097183857849
678 0.9258705848099975
679 0.9265286308718400
680 0.9271838545667901
681 0.9278362538989227
682 0.9284858268809161
683 0.9291325715340587
684 0.9297764858882539
685 0.9304175679820270
686 0.9310558158625307
687 0.9316912275855513
688 0.9323238012155145
689 0.9329535348254913
690 0.9335804264972040
691 0.9342044743210316
692 0.9348256763960165
693 0.9354440308298695
694 0.9360595357389754
695 0.9366721892483996
696 0.9372819894918935
697 0.9378889346118995
698 0.9384930227595578
699 0.9390942520947110
700 0.9396926207859102
701 0.9402881270104206
702 0.9408807689542271
703 0.9414705448120396
704 0.9420574527872984
705 0.9426414910921800
706 0.9432226579476025
707 0.9438009515832310
708 0.9443763702374824
709 0.9449489121575322
710 0.9455185755993182
711 0.9460853588275466
712 0.9466492601156976
713 0.9472102777460301
714 0.9477684100095869
715 0.9483236552062005
716 0.9488760116444978
717 0.9494254776419049
718 0.9499720515246536
719 0.9505157316277847
720 0.9510565162951545
721 0.9515944038794392
722 0.9521293927421396
723 0.9526614812535872
724 0.9531906677929479
725 0.9537169507482277
726 0.9542403285162777
727 0.9547607995027981
728 0.9552783621223444
729 0.9557930147983308
730 0.9563047559630361
731 0.9568135840576080
732 0.9573194975320678
733 0.9578224948453155
734 0.9583225744651337
735 0.9588197348681935
736 0.9593139745400580
737 0.9598052919751873
738 0.9602936856769435
739 0.9607791541575945
740 0.9612616959383191
741 0.9617413095492117
742 0.9622179935292856
743 0.9626917464264790
744 0.9631625667976584
745 0.9636304532086232
746 0.9640954042341103
747 0.9645574184577982
748 0.9650164944723115
749 0.9654726308792252
750 0.9659258262890683
751 0.9663760793213294
752 0.9668233886044594
753 0.9672677527758767
754 0.9677091704819711
755 0.9681476403781077
756 0.9685831611286311
757 0.9690157314068694
758 0.9694453498951388
759 0.9698720152847466
760 0.9702957262759963
761 0.9707164815781906
762 0.9711342799096359
763 0.9715491199976459
764 0.9719610005785460
765 0.9723699203976763
766 0.9727758782093963
767 0.9731788727770879
768 0.9735789028731600
769 0.9739759672790512
770 0.9743700647852348
771 0.9747611941912213
772 0.9751493543055628
773 0.9755345439458561
774 0.9759167619387469
775 0.9762960071199329
776 0.9766722783341674
777 0.9770455744352631
778 0.9774158942860953
779 0.9777832367586056
780 0.9781476007338050
781 0.9785089851017779
782 0.9788673887616844
783 0.9792228106217652
784 0.9795752495993435
785 0.9799247046208289
786 0.9802711746217212
787 0.9806146585466123
788 0.9809551553491909
789 0.9812926639922445
790 0.9816271834476633
791 0.9819587126964430
792 0.9822872507286879
793 0.9826127965436144
794 0.9829353491495535
795 0.9832549075639538
796 0.9835714708133851
797 0.9838850379335409
798 0.9841956079692411
799 0.9845031799744358
800 0.9848077530122072
801 0.9851093261547731
802 0.9854078984834893
803 0.9857034690888528
804 0.9859960370705041
805 0.9862856015372305
806 0.9865721616069686
807 0.9868557164068064
808 0.9871362650729870
809 0.9874138067509105
810 0.9876883405951368
811 0.9879598657693882
812 0.9882283814465519
813 0.9884938868086827
814 0.9887563810470049
815 0.9890158633619159
816 0.9892723329629873
817 0.9895257890689685
818 0.9897762309077880
819 0.9900236577165566
820 0.9902680687415694
821 0.9905094632383079
822 0.9907478404714426
823 0.9909831997148353
824 0.9912155402515408
825 0.9914448613738095
826 0.9916711623830895
827 0.9918944425900287
828 0.9921147013144769
829 0.9923319378854878
830 0.9925461516413211
831 0.9927573419294445
832 0.9929655081065361
833 0.9931706495384851
834 0.9933727656003954
835 0.9935718556765866
836 0.9937679191605955
837 0.9939609554551787
838 0.9941509639723145
839 0.9943379441332036
840 0.9945218953682724
841 0.9947028171171733
842 0.9948807088287873
843 0.9950555699612254
844 0.9952273999818303
845 0.9953961983671779
846 0.9955619646030791
847 0.9957246981845812
848 0.9958843986159694
849 0.9960410654107688
850 0.9961946980917447
851 0.9963452961909056
852 0.9964928592495035
853 0.9966373868180358
854 0.9967788784562464
855 0.9969173337331272
856 0.9970527522269195
857 0.9971851335251150
858 0.9973144772244573
859 0.9974407829309432
860 0.9975640502598235
861 0.9976842788356045
862 0.9978014682920493
863 0.9979156182721782
864 0.9980267284282709
865 0.9981347984218663
866 0.9982398279237646
867 0.9983418166140277
868 0.9984407641819804
869 0.9985366703262112
870 0.9986295347545733
871 0.9987193571841856
872 0.9988061373414334
873 0.9988898749619695
874 0.9989705697907142
875 0.9990482215818572
876 0.9991228300988578
877 0.9991943951144455
878 0.9992629164106207
879 0.9993283937786558
880 0.9993908270190953
881 0.9994502159417568
882 0.9995065603657312
883 0.9995598601193837
884 0.9996101150403540
885 0.9996573249755569
886 0.9997014897811828
887 0.9997426093226980
888 0.9997806834748452
889 0.9998157121216440
890 0.9998476951563910
891 0.9998766324816604
892 0.9999025240093040
893 0.9999253696604519
894 0.9999451693655120
895 0.9999619230641712
896 0.9999756307053947
897 0.9999862922474267
898 0.9999939076577903
899 0.9999984769132877
900 1.0000000000000000
901 0.9999984769132877
902 0.9999939076577904
903 0.9999862922474269
904 0.9999756307053949
905 0.9999619230641714
906 0.9999451693655123
907 0.9999253696604522
908 0.9999025240093045
909 0.9998766324816608
910 0.9998476951563915
911 0.9998157121216446
912 0.9997806834748458
913 0.9997426093226986
914 0.9997014897811836
915 0.9996573249755577
916 0.9996101150403548
917 0.9995598601193846
918 0.9995065603657320
919 0.9994502159417576
920 0.9993908270190963
921 0.9993283937786569
922 0.9992629164106218
923 0.9991943951144466
924 0.9991228300988590
925 0.9990482215818585
926 0.9989705697907155
927 0.9988898749619708
928 0.9988061373414349
929 0.9987193571841871
930 0.9986295347545748
931 0.9985366703262127
932 0.9984407641819820
933 0.9983418166140294
934 0.9982398279237663
935 0.9981347984218680
936 0.9980267284282727
937 0.9979156182721801
938 0.9978014682920512
939 0.9976842788356065
940 0.9975640502598255
941 0.9974407829309453
942 0.9973144772244595
943 0.9971851335251172
944 0.9970527522269217
945 0.9969173337331295
946 0.9967788784562487
947 0.9966373868180382
948 0.9964928592495059
949 0.9963452961909081
950 0.9961946980917472
951 0.9960410654107713
952 0.9958843986159721
953 0.9957246981845840
954 0.9955619646030819
955 0.9953961983671807
956 0.9952273999818332
957 0.9950555699612283
958 0.9948807088287903
959 0.9947028171171763
960 0.9945218953682755
961 0.9943379441332069
962 0.9941509639723176
963 0.9939609554551819
964 0.9937679191605987
965 0.9935718556765899
966 0.9933727656003989
967 0.9931706495384885
968 0.9929655081065395
969 0.9927573419294481
970 0.9925461516413246
971 0.9923319378854915
972 0.9921147013144805
973 0.9918944425900325
974 0.9916711623830933
975 0.9914448613738133
976 0.9912155402515447
977 0.9909831997148393
978 0.9907478404714466
979 0.9905094632383119
980 0.9902680687415735
981 0.9900236577165608
982 0.9897762309077922
983 0.9895257890689727
984 0.9892723329629917
985 0.9890158633619203
986 0.9887563810470094
987 0.9884938868086871
988 0.9882283814465564
989 0.9879598657693928
990 0.9876883405951414
991 0.9874138067509152
992 0.9871362650729917
993 0.9868557164068111
994 0.9865721616069734
995 0.9862856015372353
996 0.9859960370705090
997 0.9857034690888576
998 0.9854078984834942
999 0.9851093261547782
1000 0.9848077530122124
1001 0.9845031799744410
1002 0.9841956079692463
1003 0.9838850379335461
1004 0.9835714708133905
1005 0.9832549075639592
1006 0.9829353491495588
1007 0.9826127965436199
1008 0.9822872507286934
1009 0.9819587126964484
1010 0.9816271834476689
1011 0.9812926639922501
1012 0.9809551553491965
1013 0.9806146585466180
1014 0.9802711746217270
1015 0.9799247046208348
1016 0.9795752495993494
1017 0.9792228106217711
1018 0.9788673887616904
1019 0.9785089851017839
1020 0.9781476007338111
1021 0.9777832367586118
1022 0.9774158942861015
1023 0.9770455744352693
1024 0.9766722783341737
1025 0.9762960071199392
1026 0.9759167619387533
1027 0.9755345439458626
1028 0.9751493543055693
1029 0.9747611941912280
1030 0.9743700647852415
1031 0.9739759672790579
1032 0.9735789028731666
1033 0.9731788727770947
1034 0.9727758782094030
1035 0.9723699203976831
1036 0.9719610005785528
1037 0.9715491199976528
1038 0.9711342799096429
1039 0.9707164815781976
1040 0.9702957262760034
1041 0.9698720152847538
1042 0.9694453498951459
1043 0.9690157314068766
1044 0.9685831611286384
1045 0.9681476403781151
1046 0.9677091704819786
1047 0.9672677527758843
1048 0.9668233886044669
1049 0.9663760793213370
1050 0.9659258262890760
1051 0.9654726308792329
1052 0.9650164944723192
1053 0.9645574184578060
1054 0.9640954042341181
1055 0.9636304532086311
1056 0.9631625667976662
1057 0.9626917464264869
1058 0.9622179935292935
1059 0.9617413095492198
1060 0.9612616959383273
1061 0.9607791541576027
1062 0.9602936856769516
1063 0.9598052919751956
1064 0.9593139745400663
1065 0.9588197348682019
1066 0.9583225744651421
1067 0.9578224948453239
1068 0.9573194975320763
1069 0.9568135840576165
1070 0.9563047559630447
1071 0.9557930147983393
1072 0.9552783621223531
1073 0.9547607995028069
1074 0.9542403285162865
1075 0.9537169507482366
1076 0.9531906677929568
1077 0.9526614812535961
1078 0.9521293927421486
1079 0.9515944038794482
1080 0.9510565162951636
1081 0.9505157316277939
1082 0.9499720515246627
1083 0.9494254776419141
1084 0.9488760116445070
1085 0.9483236552062098
1086 0.9477684100095962
1087 0.9472102777460394
1088 0.9466492601157070
1089 0.9460853588275563
1090 0.9455185755993278
1091 0.9449489121575418
1092 0.9443763702374922
1093 0.9438009515832406
1094 0.9432226579476123
1095 0.9426414910921898
1096 0.9420574527873082
1097 0.9414705448120494
1098 0.9408807689542371
1099 0.9402881270104306
1100 0.9396926207859202
1101 0.9390942520947210
1102 0.9384930227595679
1103 0.9378889346119097
1104 0.9372819894919038
1105 0.9366721892484099
1106 0.9360595357389857
1107 0.9354440308298798
1108 0.9348256763960270
1109 0.9342044743210421
1110 0.9335804264972145
1111 0.9329535348255019
1112 0.9323238012155252
1113 0.9316912275855620
1114 0.9310558158625414
1115 0.9304175679820377
1116 0.9297764858882647
1117 0.9291325715340695
1118 0.9284858268809270
1119 0.9278362538989335
1120 0.9271838545668011
1121 0.9265286308718511
1122 0.9258705848100086
1123 0.9252097183857961
1124 0.9245460336123272
1125 0.9238795325113009
1126 0.9232102171129951
1127 0.9225380894562607
1128 0.9218631515885150
1129 0.9211854055657357
1130 0.9205048534524549
1131 0.9198214973217523
1132 0.9191353392552492
1133 0.9184463813431021
1134 0.9177546256839962
1135 0.9170600743851393
1136 0.9163627295622548
1137 0.9156625933395764
1138 0.9149596678498403
1139 0.9142539552342793
1140 0.9135454576426165
1141 0.9128341772330586
1142 0.9121201161722889
1143 0.9114032766354612
1144 0.9106836608061931
1145 0.9099612708765593
1146 0.9092361090470847
1147 0.9085081775267381
1148 0.9077774785329250
1149 0.9070440142914816
1150 0.9063077870366667
1151 0.9055687990111565
1152 0.9048270524660365
1153 0.9040825496607955
1154 0.9033352928633180
1155 0.9025852843498779
1156 0.9018325264051312
1157 0.9010770213221089
1158 0.9003187714022109
1159 0.8995577789551978
1160 0.8987940462991847
1161 0.8980275757606334
1162 0.8972583696743464
1163 0.8964864303834585
1164 0.8957117602394311
1165 0.8949343616020434
1166 0.8941542368393867
1167 0.8933713883278562
1168 0.8925858184521440
1169 0.8917975296052327
1170 0.8910065241883867
1171 0.8902128046111454
1172 0.8894163732913165
1173 0.8886172326549679
1174 0.8878153851364206
1175 0.8870108331782410
1176 0.8862035792312342
1177 0.8853936257544355
1178 0.8845809752151037
1179 0.8837656300887132
1180 0.8829475928589469
1181 0.8821268660176879
1182 0.8813034520650124
1183 0.8804773535091822
1184 0.8796485728666369
1185 0.8788171126619859
1186 0.8779829754280012
1187 0.8771461637056096
1188 0.8763066800438845
1189 0.8754645270000389
1190 0.8746197071394169
1191 0.8737722230354865
1192 0.8729220772698308
1193 0.8720692724321419
1194 0.8712138111202110
1195 0.8703556959399215
1196 0.8694949295052409
1197 0.8686315144382132
1198 0.8677654533689505
1199 0.8668967489356250
1200 0.8660254037844610
1201 0.8651514205697269
1202 0.8642748019537273
1203 0.8633955506067942
1204 0.8625136692072801
1205 0.8616291604415485
1206 0.8607420270039665
1207 0.8598522715968964
1208 0.8589598969306875
1209 0.8580649057236680
1210 0.8571673007021359
1211 0.8562670846003519
1212 0.8553642601605305
1213 0.8544588301328314
1214 0.8535507972753512
1215 0.8526401643541162
1216 0.8517269341430717
1217 0.8508111094240755
1218 0.8498926929868883
1219 0.8489716876291660
1220 0.8480480961564506
1221 0.8471219213821619
1222 0.8461931661275889
1223 0.8452618332218811
1224 0.8443279255020402
1225 0.8433914458129109
1226 0.8424523970071729
1227 0.8415107819453317
1228 0.8405666034957099
1229 0.8396198645344389
1230 0.8386705679454499
1231 0.8377187166204648
1232 0.8367643134589878
1233 0.8358073613682965
1234 0.8348478632634330
1235 0.8338858220671946
1236 0.8329212407101262
1237 0.8319541221305093
1238 0.8309844692743550
1239 0.8300122850953945
1240 0.8290375725550688
1241 0.8280603346225217
1242 0.8270805742745893
1243 0.8260982944957914
1244 0.8251134982783228
1245 0.8241261886220435
1246 0.8231363685344698
1247 0.8221440410307655
1248 0.8211492091337322
1249 0.8201518758738002
1250 0.8191520442890200
1251 0.8181497174250518
1252 0.8171448983351570
1253 0.8161375900801888
1254 0.8151277957285833
1255 0.8141155183563484
1256 0.8131007610470570
1257 0.8120835268918357
1258 0.8110638189893562
1259 0.8100416404458255
1260 0.8090169943749770
1261 0.8079898838980603
1262 0.8069603121438318
1263 0.8059282822485457
1264 0.8048937973559442
1265 0.8038568606172476
1266 0.8028174751911449
1267 0.8017756442437846
1268 0.8007313709487641
1269 0.7996846584871216
1270 0.7986355100473238
1271 0.7975839288252596
1272 0.7965299180242275
1273 0.7954734808549272
1274 0.7944146205354496
1275 0.7933533402912668
1276 0.7922896433552225
1277 0.7912235329675220
1278 0.7901550123757224
1279 0.7890840848347228
1280 0.7880107536067543
1281 0.7869350219613698
1282 0.7858568931754345
1283 0.7847763705331157
1284 0.7836934573258724
1285 0.7826081568524467
1286 0.7815204724188516
1287 0.7804304073383628
1288 0.7793379649315073
1289 0.7782431485260543
1290 0.7771459614570043
1291 0.7760464070665796
1292 0.7749444887042133
1293 0.7738402097265400
1294 0.7727335734973850
1295 0.7716245833877541
1296 0.7705132427758234
1297 0.7693995550469295
1298 0.7682835235935579
1299 0.7671651518153343
1300 0.7660444431190129
1301 0.7649214009184668
1302 0.7637960286346773
1303 0.7626683296957236
1304 0.7615383075367722
1305 0.7604059656000665
1306 0.7592713073349165
1307 0.7581343361976881
1308 0.7569950556517921
1309 0.7558534691676757
1310 0.7547095802228083
1311 0.7535633923016744
1312 0.7524149088957610
1313 0.7512641335035478
1314 0.7501110696304965
1315 0.7489557207890392
1316 0.7477980904985690
1317 0.7466381822854287
1318 0.7454759996828996
1319 0.7443115462311914
1320 0.7431448254774317
1321 0.7419758409756539
1322 0.7408045962867877
1323 0.7396310949786477
1324 0.7384553406259221
1325 0.7372773368101625
1326 0.7360970871197730
1327 0.7349145951499987
1328 0.7337298645029153
1329 0.7325428987874175
1330 0.7313537016192094
1331 0.7301622766207914
1332 0.7289686274214507
1333 0.7277727576572498
1334 0.7265746709710154
1335 0.7253743710123273
1336 0.7241718614375073
1337 0.7229671459096082
1338 0.7217602280984022
1339 0.7205511116803709
1340 0.7193398003386915
1341 0.7181262977632293
1342 0.7169106076505234
1343 0.7156927337037767
1344 0.7144726796328443
1345 0.7132504491542226
1346 0.7120260459910377
1347 0.7107994738730339
1348 0.7095707365365626
1349 0.7083398377245705
1350 0.7071067811865894
1351 0.7058715706787230
1352 0.7046342099636368
1353 0.7033947028105462
1354 0.7021530529952048
1355 0.7009092642998934
1356 0.6996633405134082
1357 0.6984152854310488
1358 0.6971651028546075
1359 0.6959127965923575
1360 0.6946583704590406
1361 0.6934018282758565
1362 0.6921431738704504
1363 0.6908824110769022
1364 0.6896195437357134
1365 0.6883545756937978
1366 0.6870875108044669
1367 0.6858183529274203
1368 0.6845471059287329
1369 0.6832737736808439
1370 0.6819983600625433
1371 0.6807208689589628
1372 0.6794413042615617
1373 0.6781596698681159
1374 0.6768759696827062
1375 0.6755902076157055
1376 0.6743023875837688
1377 0.6730125135098189
1378 0.6717205893230359
1379 0.6704266189588450
1380 0.6691306063589043
1381 0.6678325554710929
1382 0.6665324702494988
1383 0.6652303546544074
1384 0.6639262126522886
1385 0.6626200482157847
1386 0.6613118653236989
1387 0.6600016679609839
1388 0.6586894601187278
1389 0.6573752457941432
1390 0.6560590289905549
1391 0.6547408137173875
1392 0.6534206039901533
1393 0.6520984038304403
1394 0.6507742172658991
1395 0.6494480483302321
1396 0.6481199010631794
1397 0.6467897795105082
1398 0.6454576877239994
1399 0.6441236297614354
1400 0.6427876096865884
1401 0.6414496315692071
1402 0.6401096994850050
1403 0.6387678175156473
1404 0.6374239897487395
1405 0.6360782202778139
1406 0.6347305132023177
1407 0.6333808726276003
1408 0.6320293026649012
1409 0.6306758074313368
1410 0.6293203910498878
1411 0.6279630576493884
1412 0.6266038113645112
1413 0.6252426563357559
1414 0.6238795967094375
1415 0.6225146366376710
1416 0.6211477802783620
1417 0.6197790317951919
1418 0.6184083953576061
1419 0.6170358751408007
1420 0.6156614753257105
1421 0.6142852000989952
1422 0.6129070536530287
1423 0.6115270401858836
1424 0.6101451639013201
1425 0.6087614290087733
1426 0.6073758397233395
1427 0.6059884002657641
1428 0.6045991148624280
1429 0.6032079877453361
1430 0.6018150231521021
1431 0.6004202253259376
1432 0.5990235985156396
1433 0.5976251469755750
1434 0.5962248749656699
1435 0.5948227867513955
1436 0.5934188866037559
1437 0.5920131787992741
1438 0.5906056676199801
1439 0.5891963573533969
1440 0.5877852522925282
1441 0.5863723567358444
1442 0.5849576749872708
1443 0.5835412113561730
1444 0.5821229701573450
1445 0.5807029557109956
1446 0.5792811723427348
1447 0.5778576243835615
1448 0.5764323161698496
1449 0.5750052520433350
1450 0.5735764363511027
1451 0.5721458734455730
1452 0.5707135676844887
1453 0.5692795234309013
1454 0.5678437450531585
1455 0.5664062369248902
1456 0.5649670034249952
1457 0.5635260489376288
1458 0.5620833778521881
1459 0.5606389945632998
1460 0.5591929034708051
1461 0.5577451089797485
1462 0.5562956155003633
1463 0.5548444274480580
1464 0.5533915492434029
1465 0.5519369853121172
1466 0.5504807400850547
1467 0.5490228179981906
1468 0.5475632234926093
1469 0.5461019610144883
1470 0.5446390350150865
1471 0.5431744499507303
1472 0.5417082102827996
1473 0.5402403204777149
1474 0.5387707850069234
1475 0.5372996083468844
1476 0.5358267949790574
1477 0.5343523493898868
1478 0.5328762760707907
1479 0.5313985795181437
1480 0.5299192642332660
1481 0.5284383347224083
1482 0.5269557954967389
1483 0.5254716510723293
1484 0.5239859059701408
1485 0.5224985647160106
1486 0.5210096318406383
1487 0.5195191118795714
1488 0.5180270093731925
1489 0.5165333288667043
1490 0.5150380749101168
1491 0.5135412520582329
1492 0.5120428648706344
1493 0.5105429179116688
1494 0.5090414157504345
1495 0.5075383629607676
1496 0.5060337641212274
1497 0.5045276238150830
1498 0.5030199466302989
1499 0.5015107371595214
1500 0.5000000000000642
1501 0.4984877397538947
1502 0.4969739610276194
1503 0.4954586684324718
1504 0.4939418665842958
1505 0.4924235601035321
1506 0.4909037536152059
1507 0.4893824517489115
1508 0.4878596591387981
1509 0.4863353804235561
1510 0.4848096202464028
1511 0.4832823832550683
1512 0.4817536741017810
1513 0.4802234974432548
1514 0.4786918579406728
1515 0.4771587602596746
1516 0.4756242090703415
1517 0.4740882090471827
1518 0.4725507648691206
1519 0.4710118812194772
1520 0.4694715627859581
1521 0.4679298142606409
1522 0.4663866403399589
1523 0.4648420457246871
1524 0.4632960351199293
1525 0.4617486132351017
1526 0.4601997847839195
1527 0.4586495544843830
1528 0.4570979270587624
1529 0.4555449072335839
1530 0.4539904997396153
1531 0.4524347093118514
1532 0.4508775406894996
1533 0.4493189986159656
1534 0.4477590878388389
1535 0.4461978131098781
1536 0.4446351791849970
1537 0.4430711908242493
1538 0.4415058527918150
1539 0.4399391698559851
1540 0.4383711467891475
1541 0.4368017883677725
1542 0.4352310993723980
1543 0.4336590845876149
1544 0.4320857488020530
1545 0.4305110968083660
1546 0.4289351334032169
1547 0.4273578633872632
1548 0.4257792915651436
1549 0.4241994227454617
1550 0.4226182617407711
1551 0.4210358133675629
1552 0.4194520824462491
1553 0.4178670738011489
1554 0.4162807922604735
1555 0.4146932426563115
1556 0.4131044298246144
1557 0.4115143586051815
1558 0.4099230338416453
1559 0.4083304603814576
1560 0.4067366430758730
1561 0.4051415867799356
1562 0.4035452963524632
1563 0.4019477766560335
1564 0.4003490325569689
1565 0.3987490689253202
1566 0.3971478906348548
1567 0.3955455025630393
1568 0.3939419095910256
1569 0.3923371166036357
1570 0.3907311284893482
1571 0.3891239501402808
1572 0.3875155864521777
1573 0.3859060423243935
1574 0.3842953226598788
1575 0.3826834323651649
1576 0.3810703763503494
1577 0.3794561595290806
1578 0.3778407868185428
1579 0.3762242631394414
1580 0.3746065934159880
1581 0.3729877825758850
1582 0.3713678355503111
1583 0.3697467572739057
1584 0.3681245526847545
1585 0.3665012267243740
1586 0.3648767843376965
1587 0.3632512304730554
1588 0.3616245700821695
1589 0.3599968081201285
1590 0.3583679495453778
1591 0.3567379993197028
1592 0.3551069624082148
1593 0.3534748437793346
1594 0.3518416484047799
1595 0.3502073812595457
1596 0.3485720473218936
1597 0.3469356515733344
1598 0.3452981989986134
1599 0.3436596945856949
1600 0.3420201433257478
1601 0.3403795502131293
1602 0.3387379202453707
1603 0.3370952584231616
1604 0.3354515697503342
1605 0.3338068592338503
1606 0.3321611318837828
1607 0.3305143927133027
1608 0.3288666467386631
1609 0.3272178989791843
1610 0.3255681544572372
1611 0.3239174181982301
1612 0.3222656952305919
1613 0.3206129905857573
1614 0.3189593092981507
1615 0.3173046564051730
1616 0.3156490369471835
1617 0.3139924559674861
1618 0.3123349185123138
1619 0.3106764296308132
1620 0.3090169943750291
1621 0.3073566177998888
1622 0.3056953049631876
1623 0.3040330609255724
1624 0.3023698907505271
1625 0.3007057995043555
1626 0.2990407922561691
1627 0.2973748740778686
1628 0.2957080500441295
1629 0.2940403252323869
1630 0.2923717047228198
1631 0.2907021935983357
1632 0.2890317969445550
1633 0.2873605198497955
1634 0.2856883674050573
1635 0.2840153447040065
1636 0.2823414568429604
1637 0.2806667089208719
1638 0.2789911060393135
1639 0.2773146533024622
1640 0.2756373558170838
1641 0.2739592186925172
1642 0.2722802470406592
1643 0.2706004459759486
1644 0.2689198206153509
1645 0.2672383760783422
1646 0.2655561174868942
1647 0.2638730499654585
1648 0.2621891786409505
1649 0.2605045086427338
1650 0.2588190451026063
1651 0.2571327931547819
1652 0.2554457579358764
1653 0.2537579445848916
1654 0.2520693582432003
1655 0.2503800040545281
1656 0.2486898871649417
1657 0.2469990127228300
1658 0.2453073858788898
1659 0.2436150117861098
1660 0.2419218955997548
1661 0.2402280424773509
1662 0.2385334575786682
1663 0.2368381460657062
1664 0.2351421131026776
1665 0.2334453638559932
1666 0.2317479034942452
1667 0.2300497371881925
1668 0.2283508701107439
1669 0.2266513074369438
1670 0.2249510543439539
1671 0.2232501160110400
1672 0.2215484976195561
1673 0.2198462043529264
1674 0.2181432413966316
1675 0.2164396139381921
1676 0.2147353271671525
1677 0.2130303862750660
1678 0.2113247964554782
1679 0.2096185629039115
1680 0.2079116908178492
1681 0.2062041853967196
1682 0.2044960518418805
1683 0.2027872953566028
1684 0.2010779211460551
1685 0.1993679344172878
1686 0.1976573403792169
1687 0.1959461442426085
1688 0.1942343512200630
1689 0.1925219665259986
1690 0.1908089953766361
1691 0.1890954429899827
1692 0.1873813145858162
1693 0.1856666153856689
1694 0.1839513506128120
1695 0.1822355254922390
1696 0.1805191452506516
1697 0.1788022151164414
1698 0.1770847403196752
1699 0.1753667260920796
1700 0.1736481776670230
1701 0.1719291002795023
1702 0.1702094991661255
1703 0.1684893795650956
1704 0.1667687467161954
1705 0.1650476058607709
1706 0.1633259622417153
1707 0.1616038211034543
1708 0.1598811876919281
1709 0.1581580672545769
1710 0.1564344650403244
1711 0.1547103862995618
1712 0.1529858362841319
1713 0.1512608202473131
1714 0.1495353434438040
1715 0.1478094111297052
1716 0.1460830285625064
1717 0.1443562010010677
1718 0.1426289337056063
1719 0.1409012319376774
1720 0.1391731009601603
1721 0.1374445460372417
1722 0.1357155724343995
1723 0.1339861854183873
1724 0.1322563902572178
1725 0.1305261922201471
1726 0.1287955965776584
1727 0.1270646086014462
1728 0.1253332335644001
1729 0.1236014767405887
1730 0.1218693434052436
1731 0.1201368388347434
1732 0.1184039683065974
1733 0.1166707370994297
1734 0.1149371504929633
1735 0.1132032137680035
1736 0.1114689322064224
1737 0.1097343110911423
1738 0.1079993557061200
1739 0.1062640713363305
1740 0.1045284632677509
1741 0.1027925367873439
1742 0.1010562971830436
1743 0.0993197497437364
1744 0.0975828997592474
1745 0.0958457525203220
1746 0.0941083133186125
1747 0.0923705874466599
1748 0.0906325801978786
1749 0.0888942968665401
1750 0.0871557427477569
1751 0.0854169231374663
1752 0.0836778433324140
1753 0.0819385086301395
1754 0.0801989243289576
1755 0.0784590957279438
1756 0.0767190281269176
1757 0.0749787268264268
1758 0.0732381971277309
1759 0.0714974443327857
1760 0.0697564737442252
1761 0.0680152906653482
1762 0.0662739004000998
1763 0.0645323082530578
1764 0.0627905195294133
1765 0.0610485395349569
1766 0.0593063735760618
1767 0.0575640269596676
1768 0.0558215049932642
1769 0.0540788129848758
1770 0.0523359562430445
1771 0.0505929400768141
1772 0.0488497697957141
1773 0.0471064507097437
1774 0.0453629881293549
1775 0.0436193873654372
1776 0.0418756537293010
1777 0.0401317925326612
1778 0.0383878090876215
1779 0.0366437087066580
1780 0.0348994967026028
1781 0.0331551783886282
1782 0.0314107590782303
1783 0.0296662440852129
1784 0.0279216387236711
1785 0.0261769483079755
1786 0.0244321781527556
1787 0.0226873335728835
1788 0.0209424198834592
1789 0.0191974423997925
1790 0.0174524064373865
1791 0.0157073173119237
1792 0.0139621803392484
1793 0.0122170008353504
1794 0.0104717841163492
1795 0.0087265354984774
1796 0.0069812602980652
1797 0.0052359638315228
1798 0.0034906514153271
1799 0.0017453283660018
1800 0.0000000000001036
1801 -0.0017453283657946
1802 -0.0034906514151195
1803 -0.0052359638313157
1804 -0.0069812602978571
1805 -0.0087265354982698
1806 -0.0104717841161411
1807 -0.0122170008351428
1808 -0.0139621803390408
1809 -0.0157073173117161
1810 -0.0174524064371788
1811 -0.0191974423995853
1812 -0.0209424198832521
1813 -0.0226873335726759
1814 -0.0244321781525481
1815 -0.0261769483077675
1816 -0.0279216387234636
1817 -0.0296662440850049
1818 -0.0314107590780228
1819 -0.0331551783884207
1820 -0.0348994967023953
1821 -0.0366437087064505
1822 -0.0383878090874145
1823 -0.0401317925324537
1824 -0.0418756537290940
1825 -0.0436193873652298
1826 -0.0453629881291479
1827 -0.0471064507095363
1828 -0.0488497697955063
1829 -0.0505929400766067
1830 -0.0523359562428371
1831 -0.0540788129846685
1832 -0.0558215049930569
1833 -0.0575640269594607
1834 -0.0593063735758545
1835 -0.0610485395347501
1836 -0.0627905195292061
1837 -0.0645323082528510
1838 -0.0662739003998927
1839 -0.0680152906651410
1840 -0.0697564737440176
1841 -0.0714974443325786
1842 -0.0732381971275238
1843 -0.0749787268262197
1844 -0.0767190281267110
1845 -0.0784590957277368
1846 -0.0801989243287511
1847 -0.0819385086299326
1848 -0.0836778433322075
1849 -0.0854169231372589
1850 -0.0871557427475500
1851 -0.0888942968663328
1852 -0.0906325801976718
1853 -0.0923705874464527
1854 -0.0941083133184058
1855 -0.0958457525201154
1856 -0.0975828997590408
1857 -0.0993197497435302
1858 -0.1010562971828370
1859 -0.1027925367871378
1860 -0.1045284632675440
1861 -0.1062640713361240
1862 -0.1079993557059132
1863 -0.1097343110909359
1864 -0.1114689322062161
1865 -0.1132032137677972
1866 -0.1149371504927570
1867 -0.1166707370992239
1868 -0.1184039683063912
1869 -0.1201368388345377
1870 -0.1218693434050376
1871 -0.1236014767403831
1872 -0.1253332335641942
1873 -0.1270646086012399
1874 -0.1287955965774525
1875 -0.1305261922199412
1876 -0.1322563902570120
1877 -0.1339861854181816
1878 -0.1357155724341942
1879 -0.1374445460370360
1880 -0.1391731009599551
1881 -0.1409012319374718
1882 -0.1426289337054012
1883 -0.1443562010008622
1884 -0.1460830285623010
1885 -0.1478094111294995
1886 -0.1495353434435988
1887 -0.1512608202471079
1888 -0.1529858362839267
1889 -0.1547103862993571
1890 -0.1564344650401193
1891 -0.1581580672543724
1892 -0.1598811876917232
1893 -0.1616038211032498
1894 -0.1633259622415104
1895 -0.1650476058605662
1896 -0.1667687467159903
1897 -0.1684893795648910
1898 -0.1702094991659204
1899 -0.1719291002792978
1900 -0.1736481776668185
1901 -0.1753667260918752
1902 -0.1770847403194713
1903 -0.1788022151162371
1904 -0.1805191452504478
1905 -0.1822355254920348
1906 -0.1839513506126079
1907 -0.1856666153854644
1908 -0.1873813145856122
1909 -0.1890954429897784
1910 -0.1908089953764323
1911 -0.1925219665257948
1912 -0.1942343512198593
1913 -0.1959461442424049
1914 -0.1976573403790138
1915 -0.1993679344170843
1916 -0.2010779211458522
1917 -0.2027872953563995
1918 -0.2044960518416768
1919 -0.2062041853965165
1920 -0.2079116908176457
1921 -0.2096185629037085
1922 -0.2113247964552753
1923 -0.2130303862748632
1924 -0.2147353271669497
1925 -0.2164396139379898
1926 -0.2181432413964290
1927 -0.2198462043527243
1928 -0.2215484976193536
1929 -0.2232501160108380
1930 -0.2249510543437512
1931 -0.2266513074367416
1932 -0.2283508701105418
1933 -0.2300497371879904
1934 -0.2317479034940437
1935 -0.2334453638557913
1936 -0.2351421131024763
1937 -0.2368381460655045
1938 -0.2385334575784670
1939 -0.2402280424771494
1940 -0.2419218955995538
1941 -0.2436150117859081
1942 -0.2453073858786885
1943 -0.2469990127226283
1944 -0.2486898871647406
1945 -0.2503800040543272
1946 -0.2520693582429994
1947 -0.2537579445846913
1948 -0.2554457579356757
1949 -0.2571327931545818
1950 -0.2588190451024058
1951 -0.2605045086425338
1952 -0.2621891786407497
1953 -0.2638730499652582
1954 -0.2655561174866937
1955 -0.2672383760781421
1956 -0.2689198206151509
1957 -0.2706004459757488
1958 -0.2722802470404594
1959 -0.2739592186923179
1960 -0.2756373558168842
1961 -0.2773146533022632
1962 -0.2789911060391141
1963 -0.2806667089206722
1964 -0.2823414568427613
1965 -0.2840153447038070
1966 -0.2856883674048583
1967 -0.2873605198495967
1968 -0.2890317969443562
1969 -0.2907021935981371
1970 -0.2923717047226217
1971 -0.2940403252321885
1972 -0.2957080500439316
1973 -0.2973748740776704
1974 -0.2990407922559715
1975 -0.3007057995041575
1976 -0.3023698907503292
1977 -0.3040330609253746
1978 -0.3056953049629899
1979 -0.3073566177996913
1980 -0.3090169943748316
1981 -0.3106764296306163
1982 -0.3123349185121166
1983 -0.3139924559672894
1984 -0.3156490369469865
1985 -0.3173046564049765
1986 -0.3189593092979539
1987 -0.3206129905855606
1988 -0.3222656952303949
1989 -0.3239174181980337
1990 -0.3255681544570405
1991 -0.3272178989789881
1992 -0.3288666467384674
1993 -0.3305143927131067
1994 -0.3321611318835874
1995 -0.3338068592336546
1996 -0.3354515697501391
1997 -0.3370952584229657
1998 -0.3387379202451754
1999 -0.3403795502129336
2000 -0.3420201433255526
2001 -0.3436596945854996
2002 -0.3452981989984185
2003 -0.3469356515731397
2004 -0.3485720473216994
2005 -0.3502073812593512
2006 -0.3518416484045860
2007 -0.3534748437791408
2008 -0.3551069624080204
2009 -0.3567379993195089
2010 -0.3583679495451835
2011 -0.3599968081199348
2012 -0.3616245700819759
2013 -0.3632512304728620
2014 -0.3648767843375033
2015 -0.3665012267241812
2016 -0.3681245526845615
2017 -0.3697467572737132
2018 -0.3713678355501183
2019 -0.3729877825756928
2020 -0.3746065934157955
2021 -0.3762242631392494
2022 -0.3778407868183505
2023 -0.3794561595288885
2024 -0.3810703763501575
2025 -0.3826834323649732
2026 -0.3842953226596875
2027 -0.3859060423242019
2028 -0.3875155864519867
2029 -0.3891239501400895
2030 -0.3907311284891575
2031 -0.3923371166034448
2032 -0.3939419095908348
2033 -0.3955455025628482
2034 -0.3971478906346643
2035 -0.3987490689251295
2036 -0.4003490325567786
2037 -0.4019477766558438
2038 -0.4035452963522733
2039 -0.4051415867797462
2040 -0.4067366430756834
2041 -0.4083304603812685
2042 -0.4099230338414559
2043 -0.4115143586049924
2044 -0.4131044298244249
2045 -0.4146932426561226
2046 -0.4162807922602843
2047 -0.4178670738009603
2048 -0.4194520824460606
2049 -0.4210358133673746
2050 -0.4226182617405830
2051 -0.4241994227452741
2052 -0.4257792915649561
2053 -0.4273578633870755
2054 -0.4289351334030294
2055 -0.4305110968081782
2056 -0.4320857488018658
2057 -0.4336590845874274
2058 -0.4352310993722110
2059 -0.4368017883675858
2060 -0.4383711467889609
2061 -0.4399391698557987
2062 -0.4415058527916291
2063 -0.4430711908240632
2064 -0.4446351791848114
2065 -0.4461978131096923
2066 -0.4477590878386536
2067 -0.4493189986157801
2068 -0.4508775406893139
2069 -0.4524347093116662
2070 -0.4539904997394303
2071 -0.4555449072333991
2072 -0.4570979270585777
2073 -0.4586495544841989
2074 -0.4601997847837352
2075 -0.4617486132349179
2076 -0.4632960351197453
2077 -0.4648420457245037
2078 -0.4663866403397748
2079 -0.4679298142604574
2080 -0.4694715627857744
2081 -0.4710118812192940
2082 -0.4725507648689380
2083 -0.4740882090469999
2084 -0.4756242090701593
2085 -0.4771587602594921
2086 -0.4786918579404909
2087 -0.4802234974430727
2088 -0.4817536741015994
2089 -0.4832823832548861
2090 -0.4848096202462212
2091 -0.4863353804233743
2092 -0.4878596591386169
2093 -0.4893824517487305
2094 -0.4909037536150251
2095 -0.4924235601033514
2096 -0.4939418665841157
2097 -0.4954586684322919
2098 -0.4969739610274393
2099 -0.4984877397537147
2100 -0.4999999999998840
2101 -0.5015107371593418
2102 -0.5030199466301191
2103 -0.5045276238149037
2104 -0.5060337641210483
2105 -0.5075383629605886
2106 -0.5090414157502559
2107 -0.5105429179114906
2108 -0.5120428648704561
2109 -0.5135412520580551
2110 -0.5150380749099388
2111 -0.5165333288665269
2112 -0.5180270093730149
2113 -0.5195191118793937
2114 -0.5210096318404611
2115 -0.5224985647158337
2116 -0.5239859059699640
2117 -0.5254716510721527
2118 -0.5269557954965628
2119 -0.5284383347222320
2120 -0.5299192642330902
2121 -0.5313985795179679
2122 -0.5328762760706154
2123 -0.5343523493897114
2124 -0.5358267949788821
2125 -0.5372996083467090
2126 -0.5387707850067486
2127 -0.5402403204775402
2128 -0.5417082102826251
2129 -0.5431744499505563
2130 -0.5446390350149124
2131 -0.5461019610143147
2132 -0.5475632234924356
2133 -0.5490228179980176
2134 -0.5504807400848810
2135 -0.5519369853119440
2136 -0.5533915492432296
2137 -0.5548444274478852
2138 -0.5562956155001905
2139 -0.5577451089795762
2140 -0.5591929034706329
2141 -0.5606389945631278
2142 -0.5620833778520168
2143 -0.5635260489374573
2144 -0.5649670034248242
2145 -0.5664062369247188
2146 -0.5678437450529876
2147 -0.5692795234307302
2148 -0.5707135676843181
2149 -0.5721458734454027
2150 -0.5735764363509327
2151 -0.5750052520431651
2152 -0.5764323161696803
2153 -0.5778576243833921
2154 -0.5792811723425659
2155 -0.5807029557108265
2156 -0.5821229701571766
2157 -0.5835412113560045
2158 -0.5849576749871020
2159 -0.5863723567356763
2160 -0.5877852522923602
2161 -0.5891963573532292
2162 -0.5906056676198126
2163 -0.5920131787991071
2164 -0.5934188866035888
2165 -0.5948227867512290
2166 -0.5962248749655032
2167 -0.5976251469754089
2168 -0.5990235985154734
2169 -0.6004202253257720
2170 -0.6018150231519359
2171 -0.6032079877451706
2172 -0.6045991148622627
2173 -0.6059884002655989
2174 -0.6073758397231750
2175 -0.6087614290086086
2176 -0.6101451639011560
2177 -0.6115270401857192
2178 -0.6129070536528650
2179 -0.6142852000988315
2180 -0.6156614753255469
2181 -0.6170358751406371
2182 -0.6184083953574430
2183 -0.6197790317950287
2184 -0.6211477802781993
2185 -0.6225146366375085
2186 -0.6238795967092753
2187 -0.6252426563355943
2188 -0.6266038113643494
2189 -0.6279630576492272
2190 -0.6293203910497265
2191 -0.6306758074311757
2192 -0.6320293026647400
2193 -0.6333808726274397
2194 -0.6347305132021569
2195 -0.6360782202776537
2196 -0.6374239897485795
2197 -0.6387678175154876
2198 -0.6401096994848454
2199 -0.6414496315690482
2200 -0.6427876096864295
2201 -0.6441236297612770
2202 -0.6454576877238408
2203 -0.6467897795103495
2204 -0.6481199010630213
2205 -0.6494480483300739
2206 -0.6507742172657415
2207 -0.6520984038302828
2208 -0.6534206039899961
2209 -0.6547408137172306
2210 -0.6560590289903985
2211 -0.6573752457939868
2212 -0.6586894601185719
2213 -0.6600016679608279
2214 -0.6613118653235435
2215 -0.6626200482156288
2216 -0.6639262126521334
2217 -0.6652303546542523
2218 -0.6665324702493440
2219 -0.6678325554709387
2220 -0.6691306063587500
2221 -0.6704266189586913
2222 -0.6717205893228821
2223 -0.6730125135096657
2224 -0.6743023875836155
2225 -0.6755902076155528
2226 -0.6768759696825530
2227 -0.6781596698679634
2228 -0.6794413042614090
2229 -0.6807208689588108
2230 -0.6819983600623915
2231 -0.6832737736806923
2232 -0.6845471059285819
2233 -0.6858183529272692
2234 -0.6870875108043164
2235 -0.6883545756936471
2236 -0.6896195437355633
2237 -0.6908824110767517
2238 -0.6921431738703006
2239 -0.6934018282757065
2240 -0.6946583704588912
2241 -0.6959127965922084
2242 -0.6971651028544588
2243 -0.6984152854309001
2244 -0.6996633405132601
2245 -0.7009092642997454
2246 -0.7021530529950574
2247 -0.7033947028103986
2248 -0.7046342099634891
2249 -0.7058715706785759
2250 -0.7071067811864422
2251 -0.7083398377244239
2252 -0.7095707365364161
2253 -0.7107994738728878
2254 -0.7120260459908918
2255 -0.7132504491540774
2256 -0.7144726796326990
2257 -0.7156927337036320
2258 -0.7169106076503786
2259 -0.7181262977630851
2260 -0.7193398003385473
2261 -0.7205511116802269
2262 -0.7217602280982585
2263 -0.7229671459094646
2264 -0.7241718614373640
2265 -0.7253743710121843
2266 -0.7265746709708730
2267 -0.7277727576571074
2268 -0.7289686274213089
2269 -0.7301622766206495
2270 -0.7313537016190680
2271 -0.7325428987872761
2272 -0.7337298645027741
2273 -0.7349145951498575
2274 -0.7360970871196323
2275 -0.7372773368100218
2276 -0.7384553406257820
2277 -0.7396310949785081
2278 -0.7408045962866483
2279 -0.7419758409755151
2280 -0.7431448254772927
2281 -0.7443115462310529
2282 -0.7454759996827608
2283 -0.7466381822852904
2284 -0.7477980904984308
2285 -0.7489557207889015
2286 -0.7501110696303587
2287 -0.7512641335034107
2288 -0.7524149088956241
2289 -0.7535633923015378
2290 -0.7547095802226720
2291 -0.7558534691675399
2292 -0.7569950556516564
2293 -0.7581343361975523
2294 -0.7592713073347817
2295 -0.7604059655999313
2296 -0.7615383075366379
2297 -0.7626683296955890
2298 -0.7637960286345435
2299 -0.7649214009183327
2300 -0.7660444431188796
2301 -0.7671651518152007
2302 -0.7682835235934252
2303 -0.7693995550467965
2304 -0.7705132427756913
2305 -0.7716245833876223
2306 -0.7727335734972535
2307 -0.7738402097264088
2308 -0.7749444887040817
2309 -0.7760464070664488
2310 -0.7771459614568733
2311 -0.7782431485259241
2312 -0.7793379649313769
2313 -0.7804304073382332
2314 -0.7815204724187218
2315 -0.7826081568523177
2316 -0.7836934573257436
2317 -0.7847763705329870
2318 -0.7858568931753060
2319 -0.7869350219612417
2320 -0.7880107536066264
2321 -0.7890840848345952
2322 -0.7901550123755950
2323 -0.7912235329673943
2324 -0.7922896433550957
2325 -0.7933533402911398
2326 -0.7944146205353234
2327 -0.7954734808548014
2328 -0.7965299180241019
2329 -0.7975839288251343
2330 -0.7986355100471988
2331 -0.7996846584869967
2332 -0.8007313709486397
2333 -0.8017756442436604
2334 -0.8028174751910211
2335 -0.8038568606171240
2336 -0.8048937973558210
2337 -0.8059282822484228
2338 -0.8069603121437091
2339 -0.8079898838979379
2340 -0.8090169943748549
2341 -0.8100416404457037
2342 -0.8110638189892344
2343 -0.8120835268917141
2344 -0.8131007610469357
2345 -0.8141155183562275
2346 -0.8151277957284627
2347 -0.8161375900800688
2348 -0.8171448983350372
2349 -0.8181497174249324
2350 -0.8191520442889009
2351 -0.8201518758736813
2352 -0.8211492091336134
2353 -0.8221440410306471
2354 -0.8231363685343517
2355 -0.8241261886219255
2356 -0.8251134982782052
2357 -0.8260982944956742
2358 -0.8270805742744722
2359 -0.8280603346224050
2360 -0.8290375725549525
2361 -0.8300122850952784
2362 -0.8309844692742394
2363 -0.8319541221303939
2364 -0.8329212407100114
2365 -0.8338858220670798
2366 -0.8348478632633188
2367 -0.8358073613681822
2368 -0.8367643134588738
2369 -0.8377187166203511
2370 -0.8386705679453366
2371 -0.8396198645343259
2372 -0.8405666034955971
2373 -0.8415107819452192
2374 -0.8424523970070608
2375 -0.8433914458127996
2376 -0.8443279255019286
2377 -0.8452618332217704
2378 -0.8461931661274780
2379 -0.8471219213820517
2380 -0.8480480961563402
2381 -0.8489716876290564
2382 -0.8498926929867786
2383 -0.8508111094239661
2384 -0.8517269341429626
2385 -0.8526401643540075
2386 -0.8535507972752433
2387 -0.8544588301327229
2388 -0.8553642601604229
2389 -0.8562670846002441
2390 -0.8571673007020288
2391 -0.8580649057235609
2392 -0.8589598969305814
2393 -0.8598522715967901
2394 -0.8607420270038609
2395 -0.8616291604414429
2396 -0.8625136692071752
2397 -0.8633955506066896
2398 -0.8642748019536224
2399 -0.8651514205696228
2400 -0.8660254037843567
2401 -0.8668967489355215
2402 -0.8677654533688469
2403 -0.8686315144381103
2404 -0.8694949295051378
2405 -0.8703556959398191
2406 -0.8712138111201091
2407 -0.8720692724320405
2408 -0.8729220772697297
2409 -0.8737722230353855
2410 -0.8746197071393162
2411 -0.8754645269999385
2412 -0.8763066800437844
2413 -0.8771461637055094
2414 -0.8779829754279018
2415 -0.8788171126618864
2416 -0.8796485728665382
2417 -0.8804773535090838
2418 -0.8813034520649142
2419 -0.8821268660175901
2420 -0.8829475928588494
2421 -0.8837656300886161
2422 -0.8845809752150068
2423 -0.8853936257543390
2424 -0.8862035792311380
2425 -0.8870108331781452
2426 -0.8878153851363251
2427 -0.8886172326548727
2428 -0.8894163732912216
2429 -0.8902128046110508
2430 -0.8910065241882924
2431 -0.8917975296051388
2432 -0.8925858184520504
2433 -0.8933713883277627
2434 -0.8941542368392935
2435 -0.8949343616019506
2436 -0.8957117602393386
2437 -0.8964864303833665
2438 -0.8972583696742547
2439 -0.8980275757605420
2440 -0.8987940462990937
2441 -0.8995577789551071
2442 -0.9003187714021206
2443 -0.9010770213220189
2444 -0.9018325264050413
2445 -0.9025852843497884
2446 -0.9033352928632288
2447 -0.9040825496607066
2448 -0.9048270524659479
2449 -0.9055687990110682
2450 -0.9063077870365788
2451 -0.9070440142913940
2452 -0.9077774785328380
2453 -0.9085081775266513
2454 -0.9092361090469983
2455 -0.9099612708764732
2456 -0.9106836608061076
2457 -0.9114032766353757
2458 -0.9121201161722037
2459 -0.9128341772329737
2460 -0.9135454576425319
2461 -0.9142539552341951
2462 -0.9149596678497562
2463 -0.9156625933394928
2464 -0.9163627295621716
2465 -0.9170600743850562
2466 -0.9177546256839135
2467 -0.9184463813430201
2468 -0.9191353392551673
2469 -0.9198214973216711
2470 -0.9205048534523737
2471 -0.9211854055656551
2472 -0.9218631515884343
2473 -0.9225380894561804
2474 -0.9232102171129152
2475 -0.9238795325112212
2476 -0.9245460336122482
2477 -0.9252097183857171
2478 -0.9258705848099303
2479 -0.9265286308717727
2480 -0.9271838545667234
2481 -0.9278362538988559
2482 -0.9284858268808500
2483 -0.9291325715339925
2484 -0.9297764858881884
2485 -0.9304175679819614
2486 -0.9310558158624658
2487 -0.9316912275854866
2488 -0.9323238012154498
2489 -0.9329535348254272
2490 -0.9335804264971398
2491 -0.9342044743209682
2492 -0.9348256763959530
2493 -0.9354440308298064
2494 -0.9360595357389123
2495 -0.9366721892483373
2496 -0.9372819894918311
2497 -0.9378889346118378
2498 -0.9384930227594963
2499 -0.9390942520946497
2500 -0.9396926207858493
2501 -0.9402881270103600
2502 -0.9408807689541668
2503 -0.9414705448119792
2504 -0.9420574527872385
2505 -0.9426414910921201
2506 -0.9432226579475433
2507 -0.9438009515831717
2508 -0.9443763702374239
2509 -0.9449489121574739
2510 -0.9455185755992601
2511 -0.9460853588274889
2512 -0.9466492601156402
2513 -0.9472102777459729
2514 -0.9477684100095300
2515 -0.9483236552061439
2516 -0.9488760116444414
2517 -0.9494254776418489
2518 -0.9499720515245976
2519 -0.9505157316277294
2520 -0.9510565162950995
2521 -0.9515944038793843
2522 -0.9521293927420851
2523 -0.9526614812535329
2524 -0.9531906677928940
2525 -0.9537169507481741
2526 -0.9542403285162243
2527 -0.9547607995027452
2528 -0.9552783621222917
2529 -0.9557930147982784
2530 -0.9563047559629839
2531 -0.9568135840575561
2532 -0.9573194975320163
2533 -0.9578224948452642
2534 -0.9583225744650827
2535 -0.9588197348681429
2536 -0.9593139745400076
2537 -0.9598052919751372
2538 -0.9602936856768937
2539 -0.9607791541575450
2540 -0.9612616959382700
2541 -0.9617413095491627
2542 -0.9622179935292370
2543 -0.9626917464264307
2544 -0.9631625667976104
2545 -0.9636304532085754
2546 -0.9640954042340631
2547 -0.9645574184577511
2548 -0.9650164944722648
2549 -0.9654726308791786
2550 -0.9659258262890221
2551 -0.9663760793212834
2552 -0.9668233886044137
2553 -0.9672677527758314
2554 -0.9677091704819262
2555 -0.9681476403780630
2556 -0.9685831611285866
2557 -0.9690157314068255
2558 -0.9694453498950949
2559 -0.9698720152847033
2560 -0.9702957262759531
2561 -0.9707164815781478
2562 -0.9711342799095934
2563 -0.9715491199976040
2564 -0.9719610005785043
2565 -0.9723699203976350
2566 -0.9727758782093554
2567 -0.9731788727770476
2568 -0.9735789028731199
2569 -0.9739759672790117
2570 -0.9743700647851956
2571 -0.9747611941911826
2572 -0.9751493543055244
2573 -0.9755345439458182
2574 -0.9759167619387095
2575 -0.9762960071198957
2576 -0.9766722783341307
2577 -0.9770455744352267
2578 -0.9774158942860595
2579 -0.9777832367585702
2580 -0.9781476007337699
2581 -0.9785089851017431
2582 -0.9788673887616500
2583 -0.9792228106217310
2584 -0.9795752495993100
2585 -0.9799247046207957
2586 -0.9802711746216884
2587 -0.9806146585465799
2588 -0.9809551553491587
2589 -0.9812926639922127
2590 -0.9816271834476320
2591 -0.9819587126964119
2592 -0.9822872507286574
2593 -0.9826127965435841
2594 -0.9829353491495236
2595 -0.9832549075639244
2596 -0.9835714708133559
2597 -0.9838850379335121
2598 -0.9841956079692127
2599 -0.9845031799744078
2600 -0.9848077530121795
2601 -0.9851093261547458
2602 -0.9854078984834624
2603 -0.9857034690888261
2604 -0.9859960370704779
2605 -0.9862856015372047
2606 -0.9865721616069431
2607 -0.9868557164067814
2608 -0.9871362650729623
2609 -0.9874138067508861
2610 -0.9876883405951127
2611 -0.9879598657693643
2612 -0.9882283814465286
2613 -0.9884938868086596
2614 -0.9887563810469822
2615 -0.9890158633618935
2616 -0.9892723329629652
2617 -0.9895257890689467
2618 -0.9897762309077667
2619 -0.9900236577165356
2620 -0.9902680687415486
2621 -0.9905094632382874
2622 -0.9907478404714225
2623 -0.9909831997148156
2624 -0.9912155402515213
2625 -0.9914448613737904
2626 -0.9916711623830706
2627 -0.9918944425900103
2628 -0.9921147013144587
2629 -0.9923319378854699
2630 -0.9925461516413036
2631 -0.9927573419294273
2632 -0.9929655081065191
2633 -0.9931706495384685
2634 -0.9933727656003790
2635 -0.9935718556765706
2636 -0.9937679191605797
2637 -0.9939609554551634
2638 -0.9941509639722993
2639 -0.9943379441331888
2640 -0.9945218953682580
2641 -0.9947028171171590
2642 -0.9948807088287733
2643 -0.9950555699612117
2644 -0.9952273999818169
2645 -0.9953961983671648
2646 -0.9955619646030663
2647 -0.9957246981845687
2648 -0.9958843986159572
2649 -0.9960410654107568
2650 -0.9961946980917330
2651 -0.9963452961908942
2652 -0.9964928592494924
2653 -0.9966373868180249
2654 -0.9967788784562357
2655 -0.9969173337331169
2656 -0.9970527522269094
2657 -0.9971851335251052
2658 -0.9973144772244478
2659 -0.9974407829309340
2660 -0.9975640502598145
2661 -0.9976842788355957
2662 -0.9978014682920407
2663 -0.9979156182721700
2664 -0.9980267284282629
2665 -0.9981347984218585
2666 -0.9982398279237571
2667 -0.9983418166140204
2668 -0.9984407641819734
2669 -0.9985366703262044
2670 -0.9986295347545667
2671 -0.9987193571841794
2672 -0.9988061373414274
2673 -0.9988898749619636
2674 -0.9989705697907086
2675 -0.9990482215818519
2676 -0.9991228300988527
2677 -0.9991943951144406
2678 -0.9992629164106160
2679 -0.9993283937786513
2680 -0.9993908270190911
2681 -0.9994502159417528
2682 -0.9995065603657274
2683 -0.9995598601193801
2684 -0.9996101150403507
2685 -0.9996573249755539
2686 -0.9997014897811800
2687 -0.9997426093226953
2688 -0.9997806834748427
2689 -0.9998157121216418
2690 -0.9998476951563889
2691 -0.9998766324816586
2692 -0.9999025240093025
2693 -0.9999253696604504
2694 -0.9999451693655108
2695 -0.9999619230641702
2696 -0.9999756307053940
2697 -0.9999862922474262
2698 -0.9999939076577899
2699 -0.9999984769132875
2700 -1.0000000000000000
2701 -0.9999984769132879
2702 -0.9999939076577908
2703 -0.9999862922474274
2704 -0.9999756307053956
2705 -0.9999619230641723
2706 -0.9999451693655134
2707 -0.9999253696604535
2708 -0.9999025240093059
2709 -0.9998766324816625
2710 -0.9998476951563934
2711 -0.9998157121216465
2712 -0.9997806834748479
2713 -0.9997426093227010
2714 -0.9997014897811860
2715 -0.9996573249755604
2716 -0.9996101150403577
2717 -0.9995598601193876
2718 -0.9995065603657353
2719 -0.9994502159417610
2720 -0.9993908270190998
2721 -0.9993283937786606
2722 -0.9992629164106256
2723 -0.9991943951144506
2724 -0.9991228300988632
2725 -0.9990482215818627
2726 -0.9989705697907199
2727 -0.9988898749619753
2728 -0.9988061373414395
2729 -0.9987193571841919
2730 -0.9986295347545797
2731 -0.9985366703262178
2732 -0.9984407641819872
2733 -0.9983418166140348
2734 -0.9982398279237719
2735 -0.9981347984218737
2736 -0.9980267284282784
2737 -0.9979156182721860
2738 -0.9978014682920572
2739 -0.9976842788356127
2740 -0.9975640502598319
2741 -0.9974407829309516
2742 -0.9973144772244660
2743 -0.9971851335251237
2744 -0.9970527522269285
2745 -0.9969173337331363
2746 -0.9967788784562557
2747 -0.9966373868180453
2748 -0.9964928592495131
2749 -0.9963452961909154
2750 -0.9961946980917546
2751 -0.9960410654107789
2752 -0.9958843986159798
2753 -0.9957246981845916
2754 -0.9955619646030897
2755 -0.9953961983671886
2756 -0.9952273999818412
2757 -0.9950555699612363
2758 -0.9948807088287983
2759 -0.9947028171171846
2760 -0.9945218953682838
2761 -0.9943379441332153
2762 -0.9941509639723262
2763 -0.9939609554551906
2764 -0.9937679191606074
2765 -0.9935718556765986
2766 -0.9933727656004077
2767 -0.9931706495384975
2768 -0.9929655081065485
2769 -0.9927573419294572
2770 -0.9925461516413339
2771 -0.9923319378855006
2772 -0.9921147013144899
2773 -0.9918944425900418
2774 -0.9916711623831027
2775 -0.9914448613738227
2776 -0.9912155402515541
2777 -0.9909831997148488
2778 -0.9907478404714563
2779 -0.9905094632383217
2780 -0.9902680687415831
2781 -0.9900236577165705
2782 -0.9897762309078020
2783 -0.9895257890689826
2784 -0.9892723329630017
2785 -0.9890158633619303
2786 -0.9887563810470192
2787 -0.9884938868086971
2788 -0.9882283814465664
2789 -0.9879598657694029
2790 -0.9876883405951516
2791 -0.9874138067509254
2792 -0.9871362650730019
2793 -0.9868557164068215
2794 -0.9865721616069836
2795 -0.9862856015372458
2796 -0.9859960370705193
2797 -0.9857034690888681
2798 -0.9854078984835046
2799 -0.9851093261547885
2800 -0.9848077530122228
2801 -0.9845031799744514
2802 -0.9841956079692569
2803 -0.9838850379335565
2804 -0.9835714708134008
2805 -0.9832549075639696
2806 -0.9829353491495693
2807 -0.9826127965436304
2808 -0.9822872507287040
2809 -0.9819587126964588
2810 -0.9816271834476793
2811 -0.9812926639922606
2812 -0.9809551553492071
2813 -0.9806146585466287
2814 -0.9802711746217375
2815 -0.9799247046208452
2816 -0.9795752495993597
2817 -0.9792228106217815
2818 -0.9788673887617010
2819 -0.9785089851017943
2820 -0.9781476007338215
2821 -0.9777832367586222
2822 -0.9774158942861119
2823 -0.9770455744352797
2824 -0.9766722783341840
2825 -0.9762960071199496
2826 -0.9759167619387636
2827 -0.9755345439458728
2828 -0.9751493543055796
2829 -0.9747611941912381
2830 -0.9743700647852517
2831 -0.9739759672790680
2832 -0.9735789028731766
2833 -0.9731788727771047
2834 -0.9727758782094129
2835 -0.9723699203976931
2836 -0.9719610005785629
2837 -0.9715491199976626
2838 -0.9711342799096526
2839 -0.9707164815782072
2840 -0.9702957262760131
2841 -0.9698720152847635
2842 -0.9694453498951555
2843 -0.9690157314068861
2844 -0.9685831611286478
2845 -0.9681476403781244
2846 -0.9677091704819880
2847 -0.9672677527758935
2848 -0.9668233886044760
2849 -0.9663760793213461
2850 -0.9659258262890850
2851 -0.9654726308792418
2852 -0.9650164944723282
2853 -0.9645574184578150
2854 -0.9640954042341269
2855 -0.9636304532086396
2856 -0.9631625667976750
2857 -0.9626917464264955
2858 -0.9622179935293022
2859 -0.9617413095492283
2860 -0.9612616959383354
2861 -0.9607791541576108
2862 -0.9602936856769597
2863 -0.9598052919752036
2864 -0.9593139745400744
2865 -0.9588197348682095
2866 -0.9583225744651499
2867 -0.9578224948453317
2868 -0.9573194975320839
2869 -0.9568135840576242
2870 -0.9563047559630521
2871 -0.9557930147983466
2872 -0.9552783621223603
2873 -0.9547607995028139
2874 -0.9542403285162935
2875 -0.9537169507482434
2876 -0.9531906677929634
2877 -0.9526614812536027
2878 -0.9521293927421550
2879 -0.9515944038794546
2880 -0.9510565162951699
2881 -0.9505157316278001
2882 -0.9499720515246687
2883 -0.9494254776419199
2884 -0.9488760116445127
2885 -0.9483236552062153
2886 -0.9477684100096019
2887 -0.9472102777460450
2888 -0.9466492601157122
2889 -0.9460853588275612
2890 -0.9455185755993328
2891 -0.9449489121575467
2892 -0.9443763702374970
2893 -0.9438009515832450
2894 -0.9432226579476166
2895 -0.9426414910921941
2896 -0.9420574527873122
2897 -0.9414705448120536
2898 -0.9408807689542409
2899 -0.9402881270104342
2900 -0.9396926207859237
2901 -0.9390942520947243
2902 -0.9384930227595712
2903 -0.9378889346119127
2904 -0.9372819894919067
2905 -0.9366721892484127
2906 -0.9360595357389880
2907 -0.9354440308298823
2908 -0.9348256763960292
2909 -0.9342044743210444
2910 -0.9335804264972164
2911 -0.9329535348255035
2912 -0.9323238012155267
2913 -0.9316912275855632
2914 -0.9310558158625427
2915 -0.9304175679820390
2916 -0.9297764858882653
2917 -0.9291325715340701
2918 -0.9284858268809276
2919 -0.9278362538989339
2920 -0.9271838545668014
2921 -0.9265286308718508
2922 -0.9258705848100083
2923 -0.9252097183857958
2924 -0.9245460336123266
2925 -0.9238795325113003
2926 -0.9232102171129941
2927 -0.9225380894562594
2928 -0.9218631515885136
2929 -0.9211854055657340
2930 -0.9205048534524533
2931 -0.9198214973217503
2932 -0.9191353392552473
2933 -0.9184463813430997
2934 -0.9177546256839935
2935 -0.9170600743851364
2936 -0.9163627295622517
2937 -0.9156625933395732
2938 -0.9149596678498367
2939 -0.9142539552342754
2940 -0.9135454576426126
2941 -0.9128341772330547
2942 -0.9121201161722846
2943 -0.9114032766354569
2944 -0.9106836608061881
2945 -0.9099612708765543
2946 -0.9092361090470797
2947 -0.9085081775267327
2948 -0.9077774785329197
2949 -0.9070440142914756
2950 -0.9063077870366604
2951 -0.9055687990111501
2952 -0.9048270524660298
2953 -0.9040825496607887
2954 -0.9033352928633108
2955 -0.9025852843498703
2956 -0.9018325264051236
2957 -0.9010770213221011
2958 -0.9003187714022031
2959 -0.8995577789551896
2960 -0.8987940462991764
2961 -0.8980275757606246
2962 -0.8972583696743371
2963 -0.8964864303834493
2964 -0.8957117602394218
2965 -0.8949343616020337
2966 -0.8941542368393764
2967 -0.8933713883278455
2968 -0.8925858184521335
2969 -0.8917975296052222
2970 -0.8910065241883756
2971 -0.8902128046111343
2972 -0.8894163732913050
2973 -0.8886172326549560
2974 -0.8878153851364086
2975 -0.8870108331782286
2976 -0.8862035792312217
2977 -0.8853936257544225
2978 -0.8845809752150903
2979 -0.8837656300886998
2980 -0.8829475928589330
2981 -0.8821268660176739
2982 -0.8813034520649979
2983 -0.8804773535091673
2984 -0.8796485728666220
2985 -0.8788171126619705
2986 -0.8779829754279858
2987 -0.8771461637055941
2988 -0.8763066800438685
2989 -0.8754645270000224
2990 -0.8746197071394000
2991 -0.8737722230354694
2992 -0.8729220772698140
2993 -0.8720692724321245
2994 -0.8712138111201935
2995 -0.8703556959399034
2996 -0.8694949295052223
2997 -0.8686315144381945
2998 -0.8677654533689314
2999 -0.8668967489356058
3000 -0.8660254037844413
3001 -0.8651514205697067
3002 -0.8642748019537070
3003 -0.8633955506067736
3004 -0.8625136692072595
3005 -0.8616291604415274
3006 -0.8607420270039449
3007 -0.8598522715968747
3008 -0.8589598969306653
3009 -0.8580649057236455
3010 -0.8571673007021128
3011 -0.8562670846003283
3012 -0.8553642601605068
3013 -0.8544588301328072
3014 -0.8535507972753272
3015 -0.8526401643540921
3016 -0.8517269341430471
3017 -0.8508111094240502
3018 -0.8498926929868625
3019 -0.8489716876291402
3020 -0.8480480961564247
3021 -0.8471219213821355
3022 -0.8461931661275625
3023 -0.8452618332218541
3024 -0.8443279255020126
3025 -0.8433914458128833
3026 -0.8424523970071447
3027 -0.8415107819453034
3028 -0.8405666034956810
3029 -0.8396198645344096
3030 -0.8386705679454205
3031 -0.8377187166204347
3032 -0.8367643134589577
3033 -0.8358073613682658
3034 -0.8348478632634018
3035 -0.8338858220671634
3036 -0.8329212407100942
3037 -0.8319541221304774
3038 -0.8309844692743231
3039 -0.8300122850953618
3040 -0.8290375725550356
3041 -0.8280603346224878
3042 -0.8270805742745554
3043 -0.8260982944957574
3044 -0.8251134982782883
3045 -0.8241261886220084
3046 -0.8231363685344346
3047 -0.8221440410307297
3048 -0.8211492091336964
3049 -0.8201518758737639
3050 -0.8191520442889837
3051 -0.8181497174250149
3052 -0.8171448983351195
3053 -0.8161375900801512
3054 -0.8151277957285447
3055 -0.8141155183563098
3056 -0.8131007610470177
3057 -0.8120835268917959
3058 -0.8110638189893162
3059 -0.8100416404457852
3060 -0.8090169943749366
3061 -0.8079898838980197
3062 -0.8069603121437902
3063 -0.8059282822485040
3064 -0.8048937973559019
3065 -0.8038568606172051
3066 -0.8028174751911024
3067 -0.8017756442437414
3068 -0.8007313709487203
3069 -0.7996846584870774
3070 -0.7986355100472792
3071 -0.7975839288252149
3072 -0.7965299180241822
3073 -0.7954734808548812
3074 -0.7944146205354036
3075 -0.7933533402912201
3076 -0.7922896433551756
3077 -0.7912235329674745
3078 -0.7901550123756749
3079 -0.7890840848346746
3080 -0.7880107536067054
3081 -0.7869350219613208
3082 -0.7858568931753849
3083 -0.7847763705330659
3084 -0.7836934573258229
3085 -0.7826081568523958
3086 -0.7815204724188007
3087 -0.7804304073383111
3088 -0.7793379649314556
3089 -0.7782431485260024
3090 -0.7771459614569513
3091 -0.7760464070665264
3092 -0.7749444887041594
3093 -0.7738402097264862
3094 -0.7727335734973310
3095 -0.7716245833876993
3096 -0.7705132427757682
3097 -0.7693995550468740
3098 -0.7682835235935017
3099 -0.7671651518152780
3100 -0.7660444431189559
3101 -0.7649214009184091
3102 -0.7637960286346195
3103 -0.7626683296956651
3104 -0.7615383075367135
3105 -0.7604059656000072
3106 -0.7592713073348570
3107 -0.7581343361976279
3108 -0.7569950556517315
3109 -0.7558534691676146
3110 -0.7547095802227466
3111 -0.7535633923016125
3112 -0.7524149088956991
3113 -0.7512641335034846
3114 -0.7501110696304331
3115 -0.7489557207889751
3116 -0.7477980904985049
3117 -0.7466381822853643
3118 -0.7454759996828340
3119 -0.7443115462311259
3120 -0.7431448254773660
3121 -0.7419758409755877
3122 -0.7408045962867214
3123 -0.7396310949785804
3124 -0.7384553406258539
3125 -0.7372773368100941
3126 -0.7360970871197039
3127 -0.7349145951499295
3128 -0.7337298645028454
3129 -0.7325428987873477
3130 -0.7313537016191388
3131 -0.7301622766207202
3132 -0.7289686274213794
3133 -0.7277727576571777
3134 -0.7265746709709431
3135 -0.7253743710122542
3136 -0.7241718614374335
3137 -0.7229671459095343
3138 -0.7217602280983276
3139 -0.7205511116802958
3140 -0.7193398003386167
3141 -0.7181262977631531
3142 -0.7169106076504470
3143 -0.7156927337037001
3144 -0.7144726796327671
3145 -0.7132504491541453
3146 -0.7120260459909589
3147 -0.7107994738729549
3148 -0.7095707365364834
3149 -0.7083398377244907
3150 -0.7071067811865094
3151 -0.7058715706786421
3152 -0.7046342099635553
3153 -0.7033947028104645
3154 -0.7021530529951224
3155 -0.7009092642998108
3156 -0.6996633405133248
3157 -0.6984152854309652
3158 -0.6971651028545233
3159 -0.6959127965922725
3160 -0.6946583704589554
3161 -0.6934018282757705
3162 -0.6921431738703643
3163 -0.6908824110768153
3164 -0.6896195437356260
3165 -0.6883545756937102
3166 -0.6870875108043792
3167 -0.6858183529273318
3168 -0.6845471059286443
3169 -0.6832737736807535
3170 -0.6819983600624528
3171 -0.6807208689588722
3172 -0.6794413042614702
3173 -0.6781596698680243
3174 -0.6768759696826138
3175 -0.6755902076156126
3176 -0.6743023875836758
3177 -0.6730125135097251
3178 -0.6717205893229420
3179 -0.6704266189587502
3180 -0.6691306063588086
3181 -0.6678325554709971
3182 -0.6665324702494023
3183 -0.6652303546543106
3184 -0.6639262126521908
3185 -0.6626200482156867
3186 -0.6613118653236003
3187 -0.6600016679608846
3188 -0.6586894601186283
3189 -0.6573752457940428
3190 -0.6560590289904544
3191 -0.6547408137172862
3192 -0.6534206039900512
3193 -0.6520984038303380
3194 -0.6507742172657968
3195 -0.6494480483301288
3196 -0.6481199010630760
3197 -0.6467897795104033
3198 -0.6454576877238943
3199 -0.6441236297613303
3200 -0.6427876096864824
3201 -0.6414496315691010
3202 -0.6401096994848979
3203 -0.6387678175155395
3204 -0.6374239897486315
3205 -0.6360782202777050
3206 -0.6347305132022086
3207 -0.6333808726274905
3208 -0.6320293026647905
3209 -0.6306758074312259
3210 -0.6293203910497764
3211 -0.6279630576492768
3212 -0.6266038113643988
3213 -0.6252426563356435
3214 -0.6238795967093238
3215 -0.6225146366375565
3216 -0.6211477802782472
3217 -0.6197790317950770
3218 -0.6184083953574903
3219 -0.6170358751406848
3220 -0.6156614753255930
3221 -0.6142852000988780
3222 -0.6129070536529112
3223 -0.6115270401857652
3224 -0.6101451639012017
3225 -0.6087614290086539
3226 -0.6073758397232193
3227 -0.6059884002656436
3228 -0.6045991148623068
3229 -0.6032079877452143
3230 -0.6018150231519794
3231 -0.6004202253258145
3232 -0.5990235985155163
3233 -0.5976251469754509
3234 -0.5962248749655455
3235 -0.5948227867512703
3236 -0.5934188866036297
3237 -0.5920131787991478
3238 -0.5906056676198530
3239 -0.5891963573532697
3240 -0.5877852522924008
3241 -0.5863723567357162
3242 -0.5849576749871416
3243 -0.5835412113560430
3244 -0.5821229701572148
3245 -0.5807029557108652
3246 -0.5792811723426035
3247 -0.5778576243834300
3248 -0.5764323161697172
3249 -0.5750052520432017
3250 -0.5735764363509693
3251 -0.5721458734454387
3252 -0.5707135676843541
3253 -0.5692795234307659
3254 -0.5678437450530223
3255 -0.5664062369247538
3256 -0.5649670034248582
3257 -0.5635260489374917
3258 -0.5620833778520501
3259 -0.5606389945631605
3260 -0.5591929034706656
3261 -0.5577451089796082
3262 -0.5562956155002228
3263 -0.5548444274479173
3264 -0.5533915492432613
3265 -0.5519369853119747
3266 -0.5504807400849113
3267 -0.5490228179980475
3268 -0.5475632234924660
3269 -0.5461019610143441
3270 -0.5446390350149414
3271 -0.5431744499505849
3272 -0.5417082102826534
3273 -0.5402403204775685
3274 -0.5387707850067758
3275 -0.5372996083467365
3276 -0.5358267949789086
3277 -0.5343523493897375
3278 -0.5328762760706413
3279 -0.5313985795179933
3280 -0.5299192642331154
3281 -0.5284383347222569
3282 -0.5269557954965864
3283 -0.5254716510721767
3284 -0.5239859059699873
3285 -0.5224985647158570
3286 -0.5210096318404838
3287 -0.5195191118794160
3288 -0.5180270093730368
3289 -0.5165333288665477
3290 -0.5150380749099600
3291 -0.5135412520580760
3292 -0.5120428648704766
3293 -0.5105429179115101
3294 -0.5090414157502748
3295 -0.5075383629606077
3296 -0.5060337641210674
3297 -0.5045276238149220
3298 -0.5030199466301370
3299 -0.5015107371593593
3300 -0.4999999999999012
3301 -0.4984877397537315
3302 -0.4969739610274558
3303 -0.4954586684323080
3304 -0.4939418665841306
3305 -0.4924235601033660
3306 -0.4909037536150397
3307 -0.4893824517487443
3308 -0.4878596591386308
3309 -0.4863353804233878
3310 -0.4848096202462335
3311 -0.4832823832548989
3312 -0.4817536741016110
3313 -0.4802234974430846
3314 -0.4786918579405025
3315 -0.4771587602595025
3316 -0.4756242090701694
3317 -0.4740882090470097
3318 -0.4725507648689474
3319 -0.4710118812193034
3320 -0.4694715627857833
3321 -0.4679298142604651
3322 -0.4663866403397830
3323 -0.4648420457245106
3324 -0.4632960351197527
3325 -0.4617486132349241
3326 -0.4601997847837411
3327 -0.4586495544842044
3328 -0.4570979270585828
3329 -0.4555449072334041
3330 -0.4539904997394346
3331 -0.4524347093116705
3332 -0.4508775406893178
3333 -0.4493189986157828
3334 -0.4477590878386559
3335 -0.4461978131096942
3336 -0.4446351791848129
3337 -0.4430711908240651
3338 -0.4415058527916290
3339 -0.4399391698557990
3340 -0.4383711467889604
3341 -0.4368017883675853
3342 -0.4352310993722105
3343 -0.4336590845874257
3344 -0.4320857488018637
3345 -0.4305110968081766
3346 -0.4289351334030265
3347 -0.4273578633870730
3348 -0.4257792915649525
3349 -0.4241994227452692
3350 -0.4226182617405784
3351 -0.4210358133673692
3352 -0.4194520824460553
3353 -0.4178670738009541
3354 -0.4162807922602786
3355 -0.4146932426561156
3356 -0.4131044298244175
3357 -0.4115143586049845
3358 -0.4099230338414477
3359 -0.4083304603812599
3360 -0.4067366430756744
3361 -0.4051415867797359
3362 -0.4035452963522634
3363 -0.4019477766558327
3364 -0.4003490325567675
3365 -0.3987490689251187
3366 -0.3971478906346515
3367 -0.3955455025628358
3368 -0.3939419095908212
3369 -0.3923371166034316
3370 -0.3907311284891439
3371 -0.3891239501400747
3372 -0.3875155864519714
3373 -0.3859060423241871
3374 -0.3842953226596714
3375 -0.3826834323649574
3376 -0.3810703763501410
3377 -0.3794561595288711
3378 -0.3778407868183332
3379 -0.3762242631392309
3380 -0.3746065934157773
3381 -0.3729877825756733
3382 -0.3713678355500992
3383 -0.3697467572736929
3384 -0.3681245526845408
3385 -0.3665012267241601
3386 -0.3648767843374816
3387 -0.3632512304728403
3388 -0.3616245700819535
3389 -0.3599968081199115
3390 -0.3583679495451606
3391 -0.3567379993194847
3392 -0.3551069624079966
3393 -0.3534748437791166
3394 -0.3518416484045597
3395 -0.3502073812593253
3396 -0.3485720473216731
3397 -0.3469356515731130
3398 -0.3452981989983917
3399 -0.3436596945854723
3400 -0.3420201433255242
3401 -0.3403795502129056
3402 -0.3387379202451460
3403 -0.3370952584229367
3404 -0.3354515697501088
3405 -0.3338068592336239
3406 -0.3321611318835563
3407 -0.3305143927130752
3408 -0.3288666467384354
3409 -0.3272178989789553
3410 -0.3255681544570080
3411 -0.3239174181980000
3412 -0.3222656952303608
3413 -0.3206129905855260
3414 -0.3189593092979189
3415 -0.3173046564049410
3416 -0.3156490369469506
3417 -0.3139924559672522
3418 -0.3123349185120798
3419 -0.3106764296305791
3420 -0.3090169943747939
3421 -0.3073566177996536
3422 -0.3056953049629505
3423 -0.3040330609253351
3424 -0.3023698907502894
3425 -0.3007057995041171
3426 -0.2990407922559307
3427 -0.2973748740776291
3428 -0.2957080500438891
3429 -0.2940403252321463
3430 -0.2923717047225783
3431 -0.2907021935980940
3432 -0.2890317969443124
3433 -0.2873605198495519
3434 -0.2856883674048135
3435 -0.2840153447037617
3436 -0.2823414568427156
3437 -0.2806667089206261
3438 -0.2789911060390676
3439 -0.2773146533022153
3440 -0.2756373558168358
3441 -0.2739592186922691
3442 -0.2722802470404110
3443 -0.2706004459756995
3444 -0.2689198206151016
3445 -0.2672383760780911
3446 -0.2655561174866430
3447 -0.2638730499652072
3448 -0.2621891786406981
3449 -0.2605045086424818
3450 -0.2588190451023534
3451 -0.2571327931545280
3452 -0.2554457579356224
3453 -0.2537579445846366
3454 -0.2520693582429447
3455 -0.2503800040542716
3456 -0.2486898871646842
3457 -0.2469990127225723
3458 -0.2453073858786312
3459 -0.2436150117858511
3460 -0.2419218955994955
3461 -0.2402280424770907
3462 -0.2385334575784079
3463 -0.2368381460654448
3464 -0.2351421131024162
3465 -0.2334453638557308
3466 -0.2317479034939827
3467 -0.2300497371879290
3468 -0.2283508701104795
3469 -0.2266513074366788
3470 -0.2249510543436888
3471 -0.2232501160107743
3472 -0.2215484976192903
3473 -0.2198462043526588
3474 -0.2181432413963639
3475 -0.2164396139379242
3476 -0.2147353271668837
3477 -0.2130303862747971
3478 -0.2113247964552084
3479 -0.2096185629036407
3480 -0.2079116908175783
3481 -0.2062041853964477
3482 -0.2044960518416085
3483 -0.2027872953563298
3484 -0.2010779211457812
3485 -0.1993679344170137
3486 -0.1976573403789419
3487 -0.1959461442423334
3488 -0.1942343512197869
3489 -0.1925219665257224
3490 -0.1908089953763590
3491 -0.1890954429897046
3492 -0.1873813145855380
3493 -0.1856666153853906
3494 -0.1839513506125327
3495 -0.1822355254919592
3496 -0.1805191452503709
3497 -0.1788022151161606
3498 -0.1770847403193943
3499 -0.1753667260917973
3500 -0.1736481776667406
3501 -0.1719291002792190
3502 -0.1702094991658411
3503 -0.1684893795648112
3504 -0.1667687467159101
3505 -0.1650476058604855
3506 -0.1633259622414293
3507 -0.1616038211031673
3508 -0.1598811876916411
3509 -0.1581580672542890
3510 -0.1564344650400364
3511 -0.1547103862992728
3512 -0.1529858362838419
3513 -0.1512608202470231
3514 -0.1495353434435126
3515 -0.1478094111294138
3516 -0.1460830285622148
3517 -0.1443562010007756
3518 -0.1426289337053132
3519 -0.1409012319373834
3520 -0.1391731009598662
3521 -0.1374445460369475
3522 -0.1357155724341044
3523 -0.1339861854180913
3524 -0.1322563902569217
3525 -0.1305261922198500
3526 -0.1287955965773613
3527 -0.1270646086011482
3528 -0.1253332335641020
3529 -0.1236014767402896
3530 -0.1218693434049436
3531 -0.1201368388344433
3532 -0.1184039683062963
3533 -0.1166707370991286
3534 -0.1149371504926612
3535 -0.1132032137677005
3536 -0.1114689322061193
3537 -0.1097343110908383
3538 -0.1079993557058160
3539 -0.1062640713360264
3540 -0.1045284632674450
3541 -0.1027925367870384
3542 -0.1010562971827371
3543 -0.0993197497434298
3544 -0.0975828997589404
3545 -0.0958457525200141
3546 -0.0941083133183036
3547 -0.0923705874463509
3548 -0.0906325801975687
3549 -0.0888942968662301
3550 -0.0871557427474460
3551 -0.0854169231371545
3552 -0.0836778433321026
3553 -0.0819385086298272
3554 -0.0801989243286453
3555 -0.0784590957276305
3556 -0.0767190281266042
3557 -0.0749787268261125
3558 -0.0732381971274157
3559 -0.0714974443324700
3560 -0.0697564737439086
3561 -0.0680152906650315
3562 -0.0662739003997827
3563 -0.0645323082527397
3564 -0.0627905195290952
3565 -0.0610485395346379
3566 -0.0593063735757427
3567 -0.0575640269593485
3568 -0.0558215049929433
3569 -0.0540788129845549
3570 -0.0523359562427226
3571 -0.0505929400764922
3572 -0.0488497697953922
3573 -0.0471064507094208
3574 -0.0453629881290312
3575 -0.0436193873651135
3576 -0.0418756537289763
3577 -0.0401317925323365
3578 -0.0383878090872959
3579 -0.0366437087063323
3580 -0.0348994967022762
3581 -0.0331551783883008
3582 -0.0314107590779029
3583 -0.0296662440848845
3584 -0.0279216387233428
3585 -0.0261769483076463
3586 -0.0244321781524255
3587 -0.0226873335725538
3588 -0.0209424198831286
3589 -0.0191974423994614
3590 -0.0174524064370553
3591 -0.0157073173115908
3592 -0.0139621803389155
3593 -0.0122170008350166
3594 -0.0104717841160154
3595 -0.0087265354981436
3596 -0.0069812602977296
3597 -0.0052359638311877
3598 -0.0034906514149919
3599 -0.0017453283656657
3600 0.0000000000000000
