0 1.0000000000000000
1 0.9999984769132877
2 0.9999939076577904
3 0.9999862922474267
4 0.9999756307053947
5 0.9999619230641713
6 0.9999451693655121
7 0.9999253696604520
8 0.9999025240093042
9 0.9998766324816606
10 0.9998476951563913
11 0.9998157121216442
12 0.9997806834748455
13 0.9997426093226983
14 0.9997014897811831
15 0.9996573249755573
16 0.9996101150403544
17 0.9995598601193840
18 0.9995065603657316
19 0.9994502159417572
20 0.9993908270190958
21 0.9993283937786562
22 0.9992629164106211
23 0.9991943951144460
24 0.9991228300988584
25 0.9990482215818578
26 0.9989705697907147
27 0.9988898749619700
28 0.9988061373414341
29 0.9987193571841863
30 0.9986295347545738
31 0.9985366703262117
32 0.9984407641819810
33 0.9983418166140283
34 0.9982398279237653
35 0.9981347984218669
36 0.9980267284282716
37 0.9979156182721790
38 0.9978014682920500
39 0.9976842788356053
40 0.9975640502598242
41 0.9974407829309440
42 0.9973144772244581
43 0.9971851335251157
44 0.9970527522269202
45 0.9969173337331280
46 0.9967788784562471
47 0.9966373868180366
48 0.9964928592495044
49 0.9963452961909064
50 0.9961946980917455
51 0.9960410654107695
52 0.9958843986159703
53 0.9957246981845821
54 0.9955619646030800
55 0.9953961983671789
56 0.9952273999818312
57 0.9950555699612263
58 0.9948807088287882
59 0.9947028171171742
60 0.9945218953682734
61 0.9943379441332046
62 0.9941509639723154
63 0.9939609554551797
64 0.9937679191605964
65 0.9935718556765875
66 0.9933727656003964
67 0.9931706495384861
68 0.9929655081065369
69 0.9927573419294455
70 0.9925461516413221
71 0.9923319378854888
72 0.9921147013144779
73 0.9918944425900297
74 0.9916711623830905
75 0.9914448613738104
76 0.9912155402515418
77 0.9909831997148363
78 0.9907478404714436
79 0.9905094632383089
80 0.9902680687415704
81 0.9900236577165576
82 0.9897762309077890
83 0.9895257890689695
84 0.9892723329629883
85 0.9890158633619168
86 0.9887563810470059
87 0.9884938868086836
88 0.9882283814465529
89 0.9879598657693891
90 0.9876883405951378
91 0.9874138067509115
92 0.9871362650729880
93 0.9868557164068074
94 0.9865721616069695
95 0.9862856015372314
96 0.9859960370705050
97 0.9857034690888536
98 0.9854078984834902
99 0.9851093261547740
100 0.9848077530122081
101 0.9845031799744367
102 0.9841956079692420
103 0.9838850379335417
104 0.9835714708133859
105 0.9832549075639546
106 0.9829353491495543
107 0.9826127965436153
108 0.9822872507286887
109 0.9819587126964437
110 0.9816271834476640
111 0.9812926639922452
112 0.9809551553491916
113 0.9806146585466131
114 0.9802711746217219
115 0.9799247046208297
116 0.9795752495993442
117 0.9792228106217659
118 0.9788673887616851
119 0.9785089851017785
120 0.9781476007338057
121 0.9777832367586062
122 0.9774158942860960
123 0.9770455744352637
124 0.9766722783341680
125 0.9762960071199335
126 0.9759167619387475
127 0.9755345439458567
128 0.9751493543055634
129 0.9747611941912219
130 0.9743700647852354
131 0.9739759672790518
132 0.9735789028731604
133 0.9731788727770884
134 0.9727758782093967
135 0.9723699203976768
136 0.9719610005785464
137 0.9715491199976463
138 0.9711342799096362
139 0.9707164815781909
140 0.9702957262759966
141 0.9698720152847470
142 0.9694453498951391
143 0.9690157314068697
144 0.9685831611286313
145 0.9681476403781080
146 0.9677091704819714
147 0.9672677527758770
148 0.9668233886044596
149 0.9663760793213295
150 0.9659258262890684
151 0.9654726308792252
152 0.9650164944723116
153 0.9645574184577983
154 0.9640954042341103
155 0.9636304532086232
156 0.9631625667976583
157 0.9626917464264789
158 0.9622179935292855
159 0.9617413095492116
160 0.9612616959383191
161 0.9607791541575943
162 0.9602936856769433
163 0.9598052919751870
164 0.9593139745400577
165 0.9588197348681933
166 0.9583225744651335
167 0.9578224948453151
168 0.9573194975320675
169 0.9568135840576075
170 0.9563047559630357
171 0.9557930147983302
172 0.9552783621223438
173 0.9547607995027976
174 0.9542403285162770
175 0.9537169507482270
176 0.9531906677929471
177 0.9526614812535864
178 0.9521293927421388
179 0.9515944038794383
180 0.9510565162951536
181 0.9505157316277838
182 0.9499720515246526
183 0.9494254776419039
184 0.9488760116444966
185 0.9483236552061994
186 0.9477684100095858
187 0.9472102777460288
188 0.9466492601156964
189 0.9460853588275453
190 0.9455185755993168
191 0.9449489121575309
192 0.9443763702374810
193 0.9438009515832294
194 0.9432226579476010
195 0.9426414910921783
196 0.9420574527872967
197 0.9414705448120378
198 0.9408807689542255
199 0.9402881270104189
200 0.9396926207859083
201 0.9390942520947090
202 0.9384930227595558
203 0.9378889346118975
204 0.9372819894918913
205 0.9366721892483975
206 0.9360595357389732
207 0.9354440308298672
208 0.9348256763960143
209 0.9342044743210294
210 0.9335804264972016
211 0.9329535348254889
212 0.9323238012155119
213 0.9316912275855488
214 0.9310558158625281
215 0.9304175679820244
216 0.9297764858882511
217 0.9291325715340559
218 0.9284858268809133
219 0.9278362538989197
220 0.9271838545667871
221 0.9265286308718370
222 0.9258705848099945
223 0.9252097183857818
224 0.9245460336123128
225 0.9238795325112864
226 0.9232102171129806
227 0.9225380894562460
228 0.9218631515885002
229 0.9211854055657208
230 0.9205048534524399
231 0.9198214973217372
232 0.9191353392552341
233 0.9184463813430868
234 0.9177546256839807
235 0.9170600743851236
236 0.9163627295622391
237 0.9156625933395606
238 0.9149596678498243
239 0.9142539552342632
240 0.9135454576426004
241 0.9128341772330424
242 0.9121201161722725
243 0.9114032766354447
244 0.9106836608061766
245 0.9099612708765427
246 0.9092361090470680
247 0.9085081775267212
248 0.9077774785329080
249 0.9070440142914643
250 0.9063077870366494
251 0.9055687990111390
252 0.9048270524660189
253 0.9040825496607777
254 0.9033352928633002
255 0.9025852843498600
256 0.9018325264051131
257 0.9010770213220909
258 0.9003187714021927
259 0.8995577789551796
260 0.8987940462991663
261 0.8980275757606149
262 0.8972583696743276
263 0.8964864303834397
264 0.8957117602394120
265 0.8949343616020242
266 0.8941542368393673
267 0.8933713883278367
268 0.8925858184521246
269 0.8917975296052132
270 0.8910065241883670
271 0.8902128046111256
272 0.8894163732912966
273 0.8886172326549479
274 0.8878153851364003
275 0.8870108331782207
276 0.8862035792312137
277 0.8853936257544149
278 0.8845809752150829
279 0.8837656300886924
280 0.8829475928589259
281 0.8821268660176667
282 0.8813034520649912
283 0.8804773535091609
284 0.8796485728666155
285 0.8788171126619643
286 0.8779829754279794
287 0.8771461637055876
288 0.8763066800438624
289 0.8754645270000166
290 0.8746197071393946
291 0.8737722230354640
292 0.8729220772698084
293 0.8720692724321193
294 0.8712138111201881
295 0.8703556959398984
296 0.8694949295052177
297 0.8686315144381900
298 0.8677654533689272
299 0.8668967489356015
300 0.8660254037844373
301 0.8651514205697031
302 0.8642748019537033
303 0.8633955506067703
304 0.8625136692072560
305 0.8616291604415243
306 0.8607420270039422
307 0.8598522715968719
308 0.8589598969306629
309 0.8580649057236430
310 0.8571673007021108
311 0.8562670846003266
312 0.8553642601605050
313 0.8544588301328058
314 0.8535507972753258
315 0.8526401643540906
316 0.8517269341430460
317 0.8508111094240496
318 0.8498926929868623
319 0.8489716876291398
320 0.8480480961564243
321 0.8471219213821355
322 0.8461931661275623
323 0.8452618332218544
324 0.8443279255020134
325 0.8433914458128839
326 0.8424523970071458
327 0.8415107819453044
328 0.8405666034956825
329 0.8396198645344113
330 0.8386705679454222
331 0.8377187166204368
332 0.8367643134589597
333 0.8358073613682683
334 0.8348478632634045
335 0.8338858220671662
336 0.8329212407100975
337 0.8319541221304806
338 0.8309844692743262
339 0.8300122850953654
340 0.8290375725550396
341 0.8280603346224923
342 0.8270805742745597
343 0.8260982944957618
344 0.8251134982782931
345 0.8241261886220135
346 0.8231363685344397
347 0.8221440410307352
348 0.8211492091337018
349 0.8201518758737699
350 0.8191520442889895
351 0.8181497174250211
352 0.8171448983351262
353 0.8161375900801578
354 0.8151277957285519
355 0.8141155183563169
356 0.8131007610470252
357 0.8120835268918039
358 0.8110638189893242
359 0.8100416404457935
360 0.8090169943749450
361 0.8079898838980281
362 0.8069603121437995
363 0.8059282822485133
364 0.8048937973559116
365 0.8038568606172147
366 0.8028174751911119
367 0.8017756442437514
368 0.8007313709487309
369 0.7996846584870879
370 0.7986355100472902
371 0.7975839288252259
372 0.7965299180241935
373 0.7954734808548931
374 0.7944146205354153
375 0.7933533402912324
376 0.7922896433551879
377 0.7912235329674872
378 0.7901550123756875
379 0.7890840848346877
380 0.7880107536067190
381 0.7869350219613345
382 0.7858568931753990
383 0.7847763705330799
384 0.7836934573258368
385 0.7826081568524109
386 0.7815204724188157
387 0.7804304073383267
388 0.7793379649314711
389 0.7782431485260179
390 0.7771459614569678
391 0.7760464070665428
392 0.7749444887041764
393 0.7738402097265030
394 0.7727335734973478
395 0.7716245833877168
396 0.7705132427757859
397 0.7693995550468917
398 0.7682835235935200
399 0.7671651518152962
400 0.7660444431189747
401 0.7649214009184284
402 0.7637960286346388
403 0.7626683296956849
404 0.7615383075367333
405 0.7604059656000275
406 0.7592713073348774
407 0.7581343361976488
408 0.7569950556517530
409 0.7558534691676360
410 0.7547095802227685
411 0.7535633923016343
412 0.7524149088957208
413 0.7512641335035075
414 0.7501110696304558
415 0.7489557207889985
416 0.7477980904985281
417 0.7466381822853876
418 0.7454759996828584
419 0.7443115462311503
420 0.7431448254773905
421 0.7419758409756125
422 0.7408045962867462
423 0.7396310949786058
424 0.7384553406258799
425 0.7372773368101201
426 0.7360970871197304
427 0.7349145951499559
428 0.7337298645028724
429 0.7325428987873748
430 0.7313537016191665
431 0.7301622766207483
432 0.7289686274214076
433 0.7277727576572064
434 0.7265746709709718
435 0.7253743710122835
436 0.7241718614374634
437 0.7229671459095639
438 0.7217602280983579
439 0.7205511116803262
440 0.7193398003386469
441 0.7181262977631845
442 0.7169106076504784
443 0.7156927337037315
444 0.7144726796327990
445 0.7132504491541771
446 0.7120260459909921
447 0.7107994738729880
448 0.7095707365365164
449 0.7083398377245244
450 0.7071067811865430
451 0.7058715706786765
452 0.7046342099635902
453 0.7033947028104993
454 0.7021530529951578
455 0.7009092642998462
456 0.6996633405133608
457 0.6984152854310013
458 0.6971651028545598
459 0.6959127965923095
460 0.6946583704589925
461 0.6934018282758082
462 0.6921431738704019
463 0.6908824110768536
464 0.6896195437356649
465 0.6883545756937490
466 0.6870875108044181
467 0.6858183529273713
468 0.6845471059286837
469 0.6832737736807941
470 0.6819983600624934
471 0.6807208689589128
472 0.6794413042615114
473 0.6781596698680656
474 0.6768759696826556
475 0.6755902076156552
476 0.6743023875837183
477 0.6730125135097681
478 0.6717205893229851
479 0.6704266189587939
480 0.6691306063588529
481 0.6678325554710414
482 0.6665324702494472
483 0.6652303546543554
484 0.6639262126522362
485 0.6626200482157321
486 0.6613118653236464
487 0.6600016679609314
488 0.6586894601186750
489 0.6573752457940901
490 0.6560590289905017
491 0.6547408137173341
492 0.6534206039900999
493 0.6520984038303865
494 0.6507742172658454
495 0.6494480483301780
496 0.6481199010631251
497 0.6467897795104538
498 0.6454576877239447
499 0.6441236297613808
500 0.6427876096865335
501 0.6414496315691520
502 0.6401096994849496
503 0.6387678175155918
504 0.6374239897486838
505 0.6360782202777580
506 0.6347305132022617
507 0.6333808726275441
508 0.6320293026648449
509 0.6306758074312802
510 0.6293203910498313
511 0.6279630576493318
512 0.6266038113644543
513 0.6252426563356991
514 0.6238795967093800
515 0.6225146366376132
516 0.6211477802783041
517 0.6197790317951338
518 0.6184083953575479
519 0.6170358751407423
520 0.6156614753256520
521 0.6142852000989368
522 0.6129070536529700
523 0.6115270401858247
524 0.6101451639012612
525 0.6087614290087141
526 0.6073758397232801
527 0.6059884002657046
528 0.6045991148623683
529 0.6032079877452757
530 0.6018150231520416
531 0.6004202253258772
532 0.5990235985155792
533 0.5976251469755144
534 0.5962248749656089
535 0.5948227867513345
536 0.5934188866036946
537 0.5920131787992127
538 0.5906056676199184
539 0.5891963573533352
540 0.5877852522924661
541 0.5863723567357823
542 0.5849576749872085
543 0.5835412113561105
544 0.5821229701572823
545 0.5807029557109327
546 0.5792811723426717
547 0.5778576243834982
548 0.5764323161697861
549 0.5750052520432714
550 0.5735764363510387
551 0.5721458734455090
552 0.5707135676844244
553 0.5692795234308370
554 0.5678437450530939
555 0.5664062369248254
556 0.5649670034249306
557 0.5635260489375640
558 0.5620833778521231
559 0.5606389945632342
560 0.5591929034707392
561 0.5577451089796827
562 0.5562956155002972
563 0.5548444274479917
564 0.5533915492433364
565 0.5519369853120505
566 0.5504807400849879
567 0.5490228179981239
568 0.5475632234925425
569 0.5461019610144212
570 0.5446390350150193
571 0.5431744499506628
572 0.5417082102827321
573 0.5402403204776471
574 0.5387707850068550
575 0.5372996083468159
576 0.5358267949789886
577 0.5343523493898183
578 0.5328762760707219
579 0.5313985795180747
580 0.5299192642331968
581 0.5284383347223389
582 0.5269557954966694
583 0.5254716510722596
584 0.5239859059700710
585 0.5224985647159406
586 0.5210096318405680
587 0.5195191118795011
588 0.5180270093731218
589 0.5165333288666336
590 0.5150380749100458
591 0.5135412520581618
592 0.5120428648705632
593 0.5105429179115972
594 0.5090414157503629
595 0.5075383629606957
596 0.5060337641211553
597 0.5045276238150107
598 0.5030199466302263
599 0.5015107371594487
600 0.4999999999999913
601 0.4984877397538215
602 0.4969739610275466
603 0.4954586684323987
604 0.4939418665842220
605 0.4924235601034581
606 0.4909037536151319
607 0.4893824517488372
608 0.4878596591387237
609 0.4863353804234814
610 0.4848096202463280
611 0.4832823832549933
612 0.4817536741017061
613 0.4802234974431798
614 0.4786918579405975
615 0.4771587602595992
616 0.4756242090702659
617 0.4740882090471070
618 0.4725507648690447
619 0.4710118812194006
620 0.4694715627858814
621 0.4679298142605639
622 0.4663866403398818
623 0.4648420457246101
624 0.4632960351198521
625 0.4617486132350244
626 0.4601997847838420
627 0.4586495544843054
628 0.4570979270586845
629 0.4555449072335060
630 0.4539904997395371
631 0.4524347093117729
632 0.4508775406894211
633 0.4493189986158868
634 0.4477590878387600
635 0.4461978131097990
636 0.4446351791849177
637 0.4430711908241698
638 0.4415058527917353
639 0.4399391698559053
640 0.4383711467890675
641 0.4368017883676923
642 0.4352310993723177
643 0.4336590845875346
644 0.4320857488019727
645 0.4305110968082856
646 0.4289351334031365
647 0.4273578633871828
648 0.4257792915650632
649 0.4241994227453809
650 0.4226182617406904
651 0.4210358133674820
652 0.4194520824461681
653 0.4178670738010677
654 0.4162807922603923
655 0.4146932426562303
656 0.4131044298245330
657 0.4115143586051003
658 0.4099230338415642
659 0.4083304603813765
660 0.4067366430757919
661 0.4051415867798543
662 0.4035452963523819
663 0.4019477766559521
664 0.4003490325568868
665 0.3987490689252383
666 0.3971478906347728
667 0.3955455025629572
668 0.3939419095909436
669 0.3923371166035540
670 0.3907311284892662
671 0.3891239501401987
672 0.3875155864520958
673 0.3859060423243115
674 0.3842953226597967
675 0.3826834323650826
676 0.3810703763502671
677 0.3794561595289981
678 0.3778407868184603
679 0.3762242631393589
680 0.3746065934159054
681 0.3729877825758023
682 0.3713678355502283
683 0.3697467572738229
684 0.3681245526846717
685 0.3665012267242911
686 0.3648767843376136
687 0.3632512304729724
688 0.3616245700820864
689 0.3599968081200454
690 0.3583679495452946
691 0.3567379993196196
692 0.3551069624081316
693 0.3534748437792515
694 0.3518416484046963
695 0.3502073812594623
696 0.3485720473218101
697 0.3469356515732508
698 0.3452981989985295
699 0.3436596945856110
700 0.3420201433256638
701 0.3403795502130453
702 0.3387379202452869
703 0.3370952584230775
704 0.3354515697502505
705 0.3338068592337665
706 0.3321611318836989
707 0.3305143927132188
708 0.3288666467385791
709 0.3272178989790999
710 0.3255681544571528
711 0.3239174181981456
712 0.3222656952305074
713 0.3206129905856727
714 0.3189593092980664
715 0.3173046564050885
716 0.3156490369470989
717 0.3139924559674017
718 0.3123349185122294
719 0.3106764296307288
720 0.3090169943749445
721 0.3073566177998041
722 0.3056953049631028
723 0.3040330609254875
724 0.3023698907504418
725 0.3007057995042707
726 0.2990407922560842
727 0.2973748740777836
728 0.2957080500440444
729 0.2940403252323017
730 0.2923717047227346
731 0.2907021935982504
732 0.2890317969444697
733 0.2873605198497102
734 0.2856883674049719
735 0.2840153447039210
736 0.2823414568428750
737 0.2806667089207864
738 0.2789911060392278
739 0.2773146533023764
740 0.2756373558169981
741 0.2739592186924315
742 0.2722802470405735
743 0.2706004459758629
744 0.2689198206152648
745 0.2672383760782561
746 0.2655561174868081
747 0.2638730499653725
748 0.2621891786408645
749 0.2605045086426480
750 0.2588190451025205
751 0.2571327931546961
752 0.2554457579357905
753 0.2537579445848057
754 0.2520693582431138
755 0.2503800040544417
756 0.2486898871648552
757 0.2469990127227434
758 0.2453073858788032
759 0.2436150117860232
760 0.2419218955996685
761 0.2402280424772644
762 0.2385334575785819
763 0.2368381460656198
764 0.2351421131025913
765 0.2334453638559068
766 0.2317479034941588
767 0.2300497371881058
768 0.2283508701106572
769 0.2266513074368566
770 0.2249510543438669
771 0.2232501160109533
772 0.2215484976194692
773 0.2198462043528395
774 0.2181432413965446
775 0.2164396139381051
776 0.2147353271670655
777 0.2130303862749790
778 0.2113247964553912
779 0.2096185629038244
780 0.2079116908177621
781 0.2062041853966325
782 0.2044960518417933
783 0.2027872953565155
784 0.2010779211459676
785 0.1993679344172004
786 0.1976573403791295
787 0.1959461442425212
788 0.1942343512199756
789 0.1925219665259109
790 0.1908089953765484
791 0.1890954429898950
792 0.1873813145857287
793 0.1856666153855813
794 0.1839513506127244
795 0.1822355254921516
796 0.1805191452505642
797 0.1788022151163539
798 0.1770847403195877
799 0.1753667260919917
800 0.1736481776669350
801 0.1719291002794143
802 0.1702094991660374
803 0.1684893795650076
804 0.1667687467161074
805 0.1650476058606828
806 0.1633259622416276
807 0.1616038211033666
808 0.1598811876918404
809 0.1581580672544892
810 0.1564344650402366
811 0.1547103862994740
812 0.1529858362840438
813 0.1512608202472251
814 0.1495353434437155
815 0.1478094111296169
816 0.1460830285624180
817 0.1443562010009797
818 0.1426289337055180
819 0.1409012319375892
820 0.1391731009600721
821 0.1374445460371534
822 0.1357155724343115
823 0.1339861854182990
824 0.1322563902571295
825 0.1305261922200588
826 0.1287955965775701
827 0.1270646086013579
828 0.1253332335643118
829 0.1236014767405003
830 0.1218693434051552
831 0.1201368388346549
832 0.1184039683065089
833 0.1166707370993412
834 0.1149371504928748
835 0.1132032137679148
836 0.1114689322063336
837 0.1097343110910537
838 0.1079993557060314
839 0.1062640713362419
840 0.1045284632676621
841 0.1027925367872555
842 0.1010562971829552
843 0.0993197497436479
844 0.0975828997591585
845 0.0958457525202333
846 0.0941083133185236
847 0.0923705874465709
848 0.0906325801977896
849 0.0888942968664511
850 0.0871557427476679
851 0.0854169231373773
852 0.0836778433323254
853 0.0819385086300509
854 0.0801989243288690
855 0.0784590957278552
856 0.0767190281268290
857 0.0749787268263382
858 0.0732381971276420
859 0.0714974443326964
860 0.0697564737441361
861 0.0680152906652591
862 0.0662739004000111
863 0.0645323082529689
864 0.0627905195293244
865 0.0610485395348680
866 0.0593063735759729
867 0.0575640269595788
868 0.0558215049931755
869 0.0540788129847868
870 0.0523359562429555
871 0.0505929400767251
872 0.0488497697956251
873 0.0471064507096547
874 0.0453629881292659
875 0.0436193873653482
876 0.0418756537292120
877 0.0401317925325722
878 0.0383878090875325
879 0.0366437087065689
880 0.0348994967025137
881 0.0331551783885389
882 0.0314107590781413
883 0.0296662440851238
884 0.0279216387235821
885 0.0261769483078865
886 0.0244321781526663
887 0.0226873335727947
888 0.0209424198833704
889 0.0191974423997032
890 0.0174524064372974
891 0.0157073173118346
892 0.0139621803391591
893 0.0122170008352611
894 0.0104717841162599
895 0.0087265354983881
896 0.0069812602979758
897 0.0052359638314340
898 0.0034906514152382
899 0.0017453283659129
900 0.0000000000000147
901 -0.0017453283658835
902 -0.0034906514152088
903 -0.0052359638314045
904 -0.0069812602979466
905 -0.0087265354983589
906 -0.0104717841162306
907 -0.0122170008352319
908 -0.0139621803391299
909 -0.0157073173118050
910 -0.0174524064372677
911 -0.0191974423996738
912 -0.0209424198833409
913 -0.0226873335727652
914 -0.0244321781526371
915 -0.0261769483078570
916 -0.0279216387235527
917 -0.0296662440850944
918 -0.0314107590781119
919 -0.0331551783885097
920 -0.0348994967024843
921 -0.0366437087065397
922 -0.0383878090875033
923 -0.0401317925325430
924 -0.0418756537291823
925 -0.0436193873653188
926 -0.0453629881292365
927 -0.0471064507096253
928 -0.0488497697955957
929 -0.0505929400766957
930 -0.0523359562429261
931 -0.0540788129847575
932 -0.0558215049931461
933 -0.0575640269595495
934 -0.0593063735759437
935 -0.0610485395348388
936 -0.0627905195292952
937 -0.0645323082529397
938 -0.0662739003999818
939 -0.0680152906652295
940 -0.0697564737441065
941 -0.0714974443326670
942 -0.0732381971276127
943 -0.0749787268263088
944 -0.0767190281267996
945 -0.0784590957278258
946 -0.0801989243288397
947 -0.0819385086300216
948 -0.0836778433322961
949 -0.0854169231373482
950 -0.0871557427476388
951 -0.0888942968664220
952 -0.0906325801977605
953 -0.0923705874465419
954 -0.0941083133184943
955 -0.0958457525202038
956 -0.0975828997591292
957 -0.0993197497436187
958 -0.1010562971829259
959 -0.1027925367872262
960 -0.1045284632676330
961 -0.1062640713362127
962 -0.1079993557060022
963 -0.1097343110910245
964 -0.1114689322063046
965 -0.1132032137678858
966 -0.1149371504928455
967 -0.1166707370993122
968 -0.1184039683064799
969 -0.1201368388346255
970 -0.1218693434051258
971 -0.1236014767404711
972 -0.1253332335642826
973 -0.1270646086013287
974 -0.1287955965775409
975 -0.1305261922200296
976 -0.1322563902571003
977 -0.1339861854182698
978 -0.1357155724342823
979 -0.1374445460371245
980 -0.1391731009600432
981 -0.1409012319375603
982 -0.1426289337054892
983 -0.1443562010009506
984 -0.1460830285623887
985 -0.1478094111295876
986 -0.1495353434436864
987 -0.1512608202471960
988 -0.1529858362840150
989 -0.1547103862994449
990 -0.1564344650402076
991 -0.1581580672544601
992 -0.1598811876918114
993 -0.1616038211033375
994 -0.1633259622415985
995 -0.1650476058606541
996 -0.1667687467160786
997 -0.1684893795649788
998 -0.1702094991660087
999 -0.1719291002793853
1000 -0.1736481776669060
1001 -0.1753667260919627
1002 -0.1770847403195588
1003 -0.1788022151163250
1004 -0.1805191452505353
1005 -0.1822355254921227
1006 -0.1839513506126955
1007 -0.1856666153855524
1008 -0.1873813145856998
1009 -0.1890954429898663
1010 -0.1908089953765197
1011 -0.1925219665258823
1012 -0.1942343512199467
1013 -0.1959461442424925
1014 -0.1976573403791005
1015 -0.1993679344171714
1016 -0.2010779211459388
1017 -0.2027872953564867
1018 -0.2044960518417645
1019 -0.2062041853966037
1020 -0.2079116908177333
1021 -0.2096185629037957
1022 -0.2113247964553624
1023 -0.2130303862749504
1024 -0.2147353271670370
1025 -0.2164396139380766
1026 -0.2181432413965161
1027 -0.2198462043528110
1028 -0.2215484976194407
1029 -0.2232501160109245
1030 -0.2249510543438380
1031 -0.2266513074368280
1032 -0.2283508701106285
1033 -0.2300497371880771
1034 -0.2317479034941302
1035 -0.2334453638558781
1036 -0.2351421131025627
1037 -0.2368381460655912
1038 -0.2385334575785533
1039 -0.2402280424772361
1040 -0.2419218955996400
1041 -0.2436150117859949
1042 -0.2453073858787749
1043 -0.2469990127227151
1044 -0.2486898871648265
1045 -0.2503800040544132
1046 -0.2520693582430854
1047 -0.2537579445847772
1048 -0.2554457579357621
1049 -0.2571327931546676
1050 -0.2588190451024921
1051 -0.2605045086426196
1052 -0.2621891786408361
1053 -0.2638730499653442
1054 -0.2655561174867800
1055 -0.2672383760782280
1056 -0.2689198206152367
1057 -0.2706004459758345
1058 -0.2722802470405454
1059 -0.2739592186924030
1060 -0.2756373558169696
1061 -0.2773146533023481
1062 -0.2789911060391997
1063 -0.2806667089207582
1064 -0.2823414568428467
1065 -0.2840153447038928
1066 -0.2856883674049437
1067 -0.2873605198496820
1068 -0.2890317969444415
1069 -0.2907021935982225
1070 -0.2923717047227067
1071 -0.2940403252322739
1072 -0.2957080500440165
1073 -0.2973748740777556
1074 -0.2990407922560561
1075 -0.3007057995042424
1076 -0.3023698907504138
1077 -0.3040330609254595
1078 -0.3056953049630747
1079 -0.3073566177997760
1080 -0.3090169943749165
1081 -0.3106764296307008
1082 -0.3123349185122015
1083 -0.3139924559673738
1084 -0.3156490369470712
1085 -0.3173046564050608
1086 -0.3189593092980386
1087 -0.3206129905856450
1088 -0.3222656952304797
1089 -0.3239174181981175
1090 -0.3255681544571247
1091 -0.3272178989790721
1092 -0.3288666467385513
1093 -0.3305143927131911
1094 -0.3321611318836712
1095 -0.3338068592337388
1096 -0.3354515697502228
1097 -0.3370952584230500
1098 -0.3387379202452592
1099 -0.3403795502130179
1100 -0.3420201433256363
1101 -0.3436596945855836
1102 -0.3452981989985021
1103 -0.3469356515732233
1104 -0.3485720473217823
1105 -0.3502073812594345
1106 -0.3518416484046687
1107 -0.3534748437792240
1108 -0.3551069624081040
1109 -0.3567379993195921
1110 -0.3583679495452671
1111 -0.3599968081200180
1112 -0.3616245700820590
1113 -0.3632512304729449
1114 -0.3648767843375862
1115 -0.3665012267242639
1116 -0.3681245526846446
1117 -0.3697467572737958
1118 -0.3713678355502013
1119 -0.3729877825757750
1120 -0.3746065934158781
1121 -0.3762242631393316
1122 -0.3778407868184330
1123 -0.3794561595289709
1124 -0.3810703763502399
1125 -0.3826834323650555
1126 -0.3842953226597696
1127 -0.3859060423242843
1128 -0.3875155864520686
1129 -0.3891239501401719
1130 -0.3907311284892392
1131 -0.3923371166035269
1132 -0.3939419095909167
1133 -0.3955455025629304
1134 -0.3971478906347456
1135 -0.3987490689252111
1136 -0.4003490325568600
1137 -0.4019477766559252
1138 -0.4035452963523550
1139 -0.4051415867798274
1140 -0.4067366430757650
1141 -0.4083304603813496
1142 -0.4099230338415374
1143 -0.4115143586050735
1144 -0.4131044298245065
1145 -0.4146932426562037
1146 -0.4162807922603659
1147 -0.4178670738010414
1148 -0.4194520824461417
1149 -0.4210358133674552
1150 -0.4226182617406635
1151 -0.4241994227453542
1152 -0.4257792915650366
1153 -0.4273578633871563
1154 -0.4289351334031097
1155 -0.4305110968082589
1156 -0.4320857488019459
1157 -0.4336590845875083
1158 -0.4352310993722914
1159 -0.4368017883676661
1160 -0.4383711467890412
1161 -0.4399391698558789
1162 -0.4415058527917088
1163 -0.4430711908241433
1164 -0.4446351791848906
1165 -0.4461978131097719
1166 -0.4477590878387327
1167 -0.4493189986158596
1168 -0.4508775406893940
1169 -0.4524347093117459
1170 -0.4539904997395099
1171 -0.4555449072334786
1172 -0.4570979270586571
1173 -0.4586495544842779
1174 -0.4601997847838145
1175 -0.4617486132349968
1176 -0.4632960351198245
1177 -0.4648420457245823
1178 -0.4663866403398538
1179 -0.4679298142605359
1180 -0.4694715627858533
1181 -0.4710118812193724
1182 -0.4725507648690164
1183 -0.4740882090470786
1184 -0.4756242090702375
1185 -0.4771587602595706
1186 -0.4786918579405690
1187 -0.4802234974431510
1188 -0.4817536741016772
1189 -0.4832823832549643
1190 -0.4848096202462989
1191 -0.4863353804234523
1192 -0.4878596591386948
1193 -0.4893824517488083
1194 -0.4909037536151025
1195 -0.4924235601034287
1196 -0.4939418665841925
1197 -0.4954586684323690
1198 -0.4969739610275167
1199 -0.4984877397537917
1200 -0.4999999999999613
1201 -0.5015107371594186
1202 -0.5030199466301962
1203 -0.5045276238149807
1204 -0.5060337641211253
1205 -0.5075383629606656
1206 -0.5090414157503327
1207 -0.5105429179115670
1208 -0.5120428648705327
1209 -0.5135412520581309
1210 -0.5150380749100150
1211 -0.5165333288666025
1212 -0.5180270093730909
1213 -0.5195191118794700
1214 -0.5210096318405373
1215 -0.5224985647159097
1216 -0.5239859059700400
1217 -0.5254716510722286
1218 -0.5269557954966383
1219 -0.5284383347223078
1220 -0.5299192642331656
1221 -0.5313985795180435
1222 -0.5328762760706905
1223 -0.5343523493897868
1224 -0.5358267949789570
1225 -0.5372996083467843
1226 -0.5387707850068234
1227 -0.5402403204776153
1228 -0.5417082102827001
1229 -0.5431744499506309
1230 -0.5446390350149872
1231 -0.5461019610143891
1232 -0.5475632234925103
1233 -0.5490228179980917
1234 -0.5504807400849555
1235 -0.5519369853120181
1236 -0.5533915492433039
1237 -0.5548444274479591
1238 -0.5562956155002650
1239 -0.5577451089796499
1240 -0.5591929034707065
1241 -0.5606389945632014
1242 -0.5620833778520903
1243 -0.5635260489375310
1244 -0.5649670034248975
1245 -0.5664062369247923
1246 -0.5678437450530607
1247 -0.5692795234308037
1248 -0.5707135676843911
1249 -0.5721458734454760
1250 -0.5735764363510057
1251 -0.5750052520432382
1252 -0.5764323161697529
1253 -0.5778576243834649
1254 -0.5792811723426380
1255 -0.5807029557108989
1256 -0.5821229701572485
1257 -0.5835412113560766
1258 -0.5849576749871744
1259 -0.5863723567357486
1260 -0.5877852522924324
1261 -0.5891963573533013
1262 -0.5906056676198845
1263 -0.5920131787991787
1264 -0.5934188866036606
1265 -0.5948227867513004
1266 -0.5962248749655749
1267 -0.5976251469754802
1268 -0.5990235985155449
1269 -0.6004202253258427
1270 -0.6018150231520072
1271 -0.6032079877452414
1272 -0.6045991148623338
1273 -0.6059884002656699
1274 -0.6073758397232455
1275 -0.6087614290086795
1276 -0.6101451639012264
1277 -0.6115270401857898
1278 -0.6129070536529352
1279 -0.6142852000989019
1280 -0.6156614753256169
1281 -0.6170358751407072
1282 -0.6184083953575127
1283 -0.6197790317950987
1284 -0.6211477802782692
1285 -0.6225146366375784
1286 -0.6238795967093450
1287 -0.6252426563356640
1288 -0.6266038113644192
1289 -0.6279630576492966
1290 -0.6293203910497962
1291 -0.6306758074312450
1292 -0.6320293026648095
1293 -0.6333808726275088
1294 -0.6347305132022262
1295 -0.6360782202777225
1296 -0.6374239897486482
1297 -0.6387678175155562
1298 -0.6401096994849140
1299 -0.6414496315691164
1300 -0.6427876096864978
1301 -0.6441236297613450
1302 -0.6454576877239090
1303 -0.6467897795104179
1304 -0.6481199010630893
1305 -0.6494480483301420
1306 -0.6507742172658093
1307 -0.6520984038303506
1308 -0.6534206039900641
1309 -0.6547408137172980
1310 -0.6560590289904655
1311 -0.6573752457940540
1312 -0.6586894601186387
1313 -0.6600016679608950
1314 -0.6613118653236101
1315 -0.6626200482156956
1316 -0.6639262126521998
1317 -0.6652303546543190
1318 -0.6665324702494106
1319 -0.6678325554710051
1320 -0.6691306063588166
1321 -0.6704266189587575
1322 -0.6717205893229486
1323 -0.6730125135097318
1324 -0.6743023875836814
1325 -0.6755902076156183
1326 -0.6768759696826188
1327 -0.6781596698680287
1328 -0.6794413042614745
1329 -0.6807208689588761
1330 -0.6819983600624568
1331 -0.6832737736807575
1332 -0.6845471059286470
1333 -0.6858183529273345
1334 -0.6870875108043812
1335 -0.6883545756937122
1336 -0.6896195437356281
1337 -0.6908824110768166
1338 -0.6921431738703651
1339 -0.6934018282757708
1340 -0.6946583704589555
1341 -0.6959127965922725
1342 -0.6971651028545227
1343 -0.6984152854309641
1344 -0.6996633405133236
1345 -0.7009092642998090
1346 -0.7021530529951205
1347 -0.7033947028104620
1348 -0.7046342099635529
1349 -0.7058715706786391
1350 -0.7071067811865056
1351 -0.7083398377244871
1352 -0.7095707365364791
1353 -0.7107994738729506
1354 -0.7120260459909546
1355 -0.7132504491541397
1356 -0.7144726796327615
1357 -0.7156927337036940
1358 -0.7169106076504409
1359 -0.7181262977631470
1360 -0.7193398003386093
1361 -0.7205511116802885
1362 -0.7217602280983204
1363 -0.7229671459095264
1364 -0.7241718614374260
1365 -0.7253743710122461
1366 -0.7265746709709344
1367 -0.7277727576571690
1368 -0.7289686274213700
1369 -0.7301622766207105
1370 -0.7313537016191287
1371 -0.7325428987873369
1372 -0.7337298645028345
1373 -0.7349145951499181
1374 -0.7360970871196925
1375 -0.7372773368100826
1376 -0.7384553406258424
1377 -0.7396310949785682
1378 -0.7408045962867086
1379 -0.7419758409755749
1380 -0.7431448254773527
1381 -0.7443115462311126
1382 -0.7454759996828207
1383 -0.7466381822853499
1384 -0.7477980904984902
1385 -0.7489557207889604
1386 -0.7501110696304181
1387 -0.7512641335034698
1388 -0.7524149088956830
1389 -0.7535633923015965
1390 -0.7547095802227306
1391 -0.7558534691675982
1392 -0.7569950556517151
1393 -0.7581343361976109
1394 -0.7592713073348395
1395 -0.7604059655999896
1396 -0.7615383075366955
1397 -0.7626683296956470
1398 -0.7637960286346009
1399 -0.7649214009183906
1400 -0.7660444431189368
1401 -0.7671651518152584
1402 -0.7682835235934822
1403 -0.7693995550468539
1404 -0.7705132427757481
1405 -0.7716245833876788
1406 -0.7727335734973099
1407 -0.7738402097264651
1408 -0.7749444887041385
1409 -0.7760464070665049
1410 -0.7771459614569302
1411 -0.7782431485259802
1412 -0.7793379649314334
1413 -0.7804304073382891
1414 -0.7815204724187778
1415 -0.7826081568523729
1416 -0.7836934573257989
1417 -0.7847763705330421
1418 -0.7858568931753610
1419 -0.7869350219612965
1420 -0.7880107536066812
1421 -0.7890840848346501
1422 -0.7901550123756499
1423 -0.7912235329674496
1424 -0.7922896433551503
1425 -0.7933533402911948
1426 -0.7944146205353777
1427 -0.7954734808548555
1428 -0.7965299180241560
1429 -0.7975839288251879
1430 -0.7986355100472523
1431 -0.7996846584870503
1432 -0.8007313709486933
1433 -0.8017756442437138
1434 -0.8028174751910744
1435 -0.8038568606171772
1436 -0.8048937973558741
1437 -0.8059282822484757
1438 -0.8069603121437618
1439 -0.8079898838979904
1440 -0.8090169943749074
1441 -0.8100416404457561
1442 -0.8110638189892867
1443 -0.8120835268917663
1444 -0.8131007610469878
1445 -0.8141155183562794
1446 -0.8151277957285145
1447 -0.8161375900801204
1448 -0.8171448983350887
1449 -0.8181497174249838
1450 -0.8191520442889522
1451 -0.8201518758737325
1452 -0.8211492091336645
1453 -0.8221440410306979
1454 -0.8231363685344024
1455 -0.8241261886219762
1456 -0.8251134982782560
1457 -0.8260982944957247
1458 -0.8270805742745228
1459 -0.8280603346224551
1460 -0.8290375725550024
1461 -0.8300122850953282
1462 -0.8309844692742892
1463 -0.8319541221304434
1464 -0.8329212407100604
1465 -0.8338858220671291
1466 -0.8348478632633676
1467 -0.8358073613682315
1468 -0.8367643134589230
1469 -0.8377187166204002
1470 -0.8386705679453854
1471 -0.8396198645343746
1472 -0.8405666034956457
1473 -0.8415107819452676
1474 -0.8424523970071089
1475 -0.8433914458128471
1476 -0.8443279255019766
1477 -0.8452618332218179
1478 -0.8461931661275258
1479 -0.8471219213820990
1480 -0.8480480961563879
1481 -0.8489716876291034
1482 -0.8498926929868259
1483 -0.8508111094240133
1484 -0.8517269341430097
1485 -0.8526401643540543
1486 -0.8535507972752896
1487 -0.8544588301327697
1488 -0.8553642601604690
1489 -0.8562670846002906
1490 -0.8571673007020747
1491 -0.8580649057236071
1492 -0.8589598969306269
1493 -0.8598522715968360
1494 -0.8607420270039062
1495 -0.8616291604414884
1496 -0.8625136692072202
1497 -0.8633955506067345
1498 -0.8642748019536676
1499 -0.8651514205696673
1500 -0.8660254037844016
1501 -0.8668967489355658
1502 -0.8677654533688917
1503 -0.8686315144381546
1504 -0.8694949295051821
1505 -0.8703556959398630
1506 -0.8712138111201527
1507 -0.8720692724320840
1508 -0.8729220772697731
1509 -0.8737722230354287
1510 -0.8746197071393593
1511 -0.8754645269999815
1512 -0.8763066800438275
1513 -0.8771461637055528
1514 -0.8779829754279446
1515 -0.8788171126619294
1516 -0.8796485728665806
1517 -0.8804773535091261
1518 -0.8813034520649565
1519 -0.8821268660176319
1520 -0.8829475928588911
1521 -0.8837656300886577
1522 -0.8845809752150483
1523 -0.8853936257543805
1524 -0.8862035792311793
1525 -0.8870108331781864
1526 -0.8878153851363662
1527 -0.8886172326549137
1528 -0.8894163732912624
1529 -0.8902128046110915
1530 -0.8910065241883329
1531 -0.8917975296051792
1532 -0.8925858184520907
1533 -0.8933713883278028
1534 -0.8941542368393335
1535 -0.8949343616019905
1536 -0.8957117602393784
1537 -0.8964864303834061
1538 -0.8972583696742941
1539 -0.8980275757605813
1540 -0.8987940462991328
1541 -0.8995577789551462
1542 -0.9003187714021594
1543 -0.9010770213220576
1544 -0.9018325264050799
1545 -0.9025852843498268
1546 -0.9033352928632671
1547 -0.9040825496607449
1548 -0.9048270524659862
1549 -0.9055687990111061
1550 -0.9063077870366165
1551 -0.9070440142914316
1552 -0.9077774785328754
1553 -0.9085081775266887
1554 -0.9092361090470354
1555 -0.9099612708765101
1556 -0.9106836608061442
1557 -0.9114032766354124
1558 -0.9121201161722404
1559 -0.9128341772330103
1560 -0.9135454576425684
1561 -0.9142539552342314
1562 -0.9149596678497925
1563 -0.9156625933395289
1564 -0.9163627295622073
1565 -0.9170600743850919
1566 -0.9177546256839491
1567 -0.9184463813430551
1568 -0.9191353392552025
1569 -0.9198214973217059
1570 -0.9205048534524087
1571 -0.9211854055656897
1572 -0.9218631515884691
1573 -0.9225380894562151
1574 -0.9232102171129497
1575 -0.9238795325112557
1576 -0.9245460336122820
1577 -0.9252097183857512
1578 -0.9258705848099639
1579 -0.9265286308718066
1580 -0.9271838545667567
1581 -0.9278362538988894
1582 -0.9284858268808830
1583 -0.9291325715340257
1584 -0.9297764858882210
1585 -0.9304175679819943
1586 -0.9310558158624982
1587 -0.9316912275855189
1588 -0.9323238012154823
1589 -0.9329535348254592
1590 -0.9335804264971720
1591 -0.9342044743209998
1592 -0.9348256763959849
1593 -0.9354440308298381
1594 -0.9360595357389440
1595 -0.9366721892483684
1596 -0.9372819894918624
1597 -0.9378889346118686
1598 -0.9384930227595270
1599 -0.9390942520946802
1600 -0.9396926207858797
1601 -0.9402881270103902
1602 -0.9408807689541969
1603 -0.9414705448120094
1604 -0.9420574527872685
1605 -0.9426414910921503
1606 -0.9432226579475730
1607 -0.9438009515832015
1608 -0.9443763702374532
1609 -0.9449489121575030
1610 -0.9455185755992891
1611 -0.9460853588275177
1612 -0.9466492601156689
1613 -0.9472102777460014
1614 -0.9477684100095586
1615 -0.9483236552061722
1616 -0.9488760116444696
1617 -0.9494254776418770
1618 -0.9499720515246258
1619 -0.9505157316277570
1620 -0.9510565162951271
1621 -0.9515944038794117
1622 -0.9521293927421124
1623 -0.9526614812535601
1624 -0.9531906677929208
1625 -0.9537169507482010
1626 -0.9542403285162511
1627 -0.9547607995027717
1628 -0.9552783621223181
1629 -0.9557930147983046
1630 -0.9563047559630101
1631 -0.9568135840575821
1632 -0.9573194975320420
1633 -0.9578224948452898
1634 -0.9583225744651083
1635 -0.9588197348681682
1636 -0.9593139745400328
1637 -0.9598052919751623
1638 -0.9602936856769185
1639 -0.9607791541575698
1640 -0.9612616959382946
1641 -0.9617413095491872
1642 -0.9622179935292613
1643 -0.9626917464264548
1644 -0.9631625667976343
1645 -0.9636304532085993
1646 -0.9640954042340866
1647 -0.9645574184577747
1648 -0.9650164944722882
1649 -0.9654726308792020
1650 -0.9659258262890453
1651 -0.9663760793213065
1652 -0.9668233886044367
1653 -0.9672677527758542
1654 -0.9677091704819487
1655 -0.9681476403780853
1656 -0.9685831611286088
1657 -0.9690157314068474
1658 -0.9694453498951168
1659 -0.9698720152847249
1660 -0.9702957262759748
1661 -0.9707164815781691
1662 -0.9711342799096147
1663 -0.9715491199976248
1664 -0.9719610005785251
1665 -0.9723699203976556
1666 -0.9727758782093756
1667 -0.9731788727770674
1668 -0.9735789028731395
1669 -0.9739759672790309
1670 -0.9743700647852147
1671 -0.9747611941912014
1672 -0.9751493543055431
1673 -0.9755345439458366
1674 -0.9759167619387275
1675 -0.9762960071199136
1676 -0.9766722783341483
1677 -0.9770455744352441
1678 -0.9774158942860766
1679 -0.9777832367585869
1680 -0.9781476007337865
1681 -0.9785089851017594
1682 -0.9788673887616662
1683 -0.9792228106217471
1684 -0.9795752495993255
1685 -0.9799247046208112
1686 -0.9802711746217035
1687 -0.9806146585465949
1688 -0.9809551553491735
1689 -0.9812926639922273
1690 -0.9816271834476462
1691 -0.9819587126964261
1692 -0.9822872507286712
1693 -0.9826127965435979
1694 -0.9829353491495371
1695 -0.9832549075639376
1696 -0.9835714708133690
1697 -0.9838850379335250
1698 -0.9841956079692253
1699 -0.9845031799744202
1700 -0.9848077530121917
1701 -0.9851093261547578
1702 -0.9854078984834741
1703 -0.9857034690888377
1704 -0.9859960370704892
1705 -0.9862856015372158
1706 -0.9865721616069540
1707 -0.9868557164067920
1708 -0.9871362650729728
1709 -0.9874138067508965
1710 -0.9876883405951229
1711 -0.9879598657693744
1712 -0.9882283814465384
1713 -0.9884938868086691
1714 -0.9887563810469916
1715 -0.9890158633619027
1716 -0.9892723329629743
1717 -0.9895257890689557
1718 -0.9897762309077753
1719 -0.9900236577165441
1720 -0.9902680687415570
1721 -0.9905094632382957
1722 -0.9907478404714306
1723 -0.9909831997148234
1724 -0.9912155402515290
1725 -0.9914448613737978
1726 -0.9916711623830780
1727 -0.9918944425900174
1728 -0.9921147013144657
1729 -0.9923319378854768
1730 -0.9925461516413102
1731 -0.9927573419294339
1732 -0.9929655081065255
1733 -0.9931706495384747
1734 -0.9933727656003852
1735 -0.9935718556765765
1736 -0.9937679191605855
1737 -0.9939609554551689
1738 -0.9941509639723048
1739 -0.9943379441331942
1740 -0.9945218953682631
1741 -0.9947028171171641
1742 -0.9948807088287783
1743 -0.9950555699612166
1744 -0.9952273999818215
1745 -0.9953961983671694
1746 -0.9955619646030708
1747 -0.9957246981845730
1748 -0.9958843986159615
1749 -0.9960410654107608
1750 -0.9961946980917369
1751 -0.9963452961908980
1752 -0.9964928592494960
1753 -0.9966373868180285
1754 -0.9967788784562392
1755 -0.9969173337331202
1756 -0.9970527522269126
1757 -0.9971851335251083
1758 -0.9973144772244508
1759 -0.9974407829309369
1760 -0.9975640502598173
1761 -0.9976842788355985
1762 -0.9978014682920434
1763 -0.9979156182721726
1764 -0.9980267284282652
1765 -0.9981347984218608
1766 -0.9982398279237593
1767 -0.9983418166140225
1768 -0.9984407641819754
1769 -0.9985366703262063
1770 -0.9986295347545686
1771 -0.9987193571841811
1772 -0.9988061373414291
1773 -0.9988898749619652
1774 -0.9989705697907101
1775 -0.9990482215818534
1776 -0.9991228300988541
1777 -0.9991943951144419
1778 -0.9992629164106173
1779 -0.9993283937786526
1780 -0.9993908270190922
1781 -0.9994502159417538
1782 -0.9995065603657284
1783 -0.9995598601193810
1784 -0.9996101150403515
1785 -0.9996573249755546
1786 -0.9997014897811807
1787 -0.9997426093226960
1788 -0.9997806834748434
1789 -0.9998157121216422
1790 -0.9998476951563895
1791 -0.9998766324816590
1792 -0.9999025240093028
1793 -0.9999253696604508
1794 -0.9999451693655110
1795 -0.9999619230641704
1796 -0.9999756307053941
1797 -0.9999862922474263
1798 -0.9999939076577901
1799 -0.9999984769132875
1800 -1.0000000000000000
1801 -0.9999984769132879
1802 -0.9999939076577907
1803 -0.9999862922474273
1804 -0.9999756307053955
1805 -0.9999619230641722
1806 -0.9999451693655133
1807 -0.9999253696604533
1808 -0.9999025240093057
1809 -0.9998766324816623
1810 -0.9998476951563930
1811 -0.9998157121216462
1812 -0.9997806834748477
1813 -0.9997426093227006
1814 -0.9997014897811857
1815 -0.9996573249755600
1816 -0.9996101150403573
1817 -0.9995598601193872
1818 -0.9995065603657348
1819 -0.9994502159417606
1820 -0.9993908270190994
1821 -0.9993283937786601
1822 -0.9992629164106253
1823 -0.9991943951144502
1824 -0.9991228300988628
1825 -0.9990482215818624
1826 -0.9989705697907195
1827 -0.9988898749619750
1828 -0.9988061373414393
1829 -0.9987193571841916
1830 -0.9986295347545795
1831 -0.9985366703262175
1832 -0.9984407641819870
1833 -0.9983418166140345
1834 -0.9982398279237716
1835 -0.9981347984218735
1836 -0.9980267284282783
1837 -0.9979156182721859
1838 -0.9978014682920572
1839 -0.9976842788356126
1840 -0.9975640502598317
1841 -0.9974407829309516
1842 -0.9973144772244660
1843 -0.9971851335251238
1844 -0.9970527522269286
1845 -0.9969173337331365
1846 -0.9967788784562558
1847 -0.9966373868180455
1848 -0.9964928592495134
1849 -0.9963452961909157
1850 -0.9961946980917550
1851 -0.9960410654107793
1852 -0.9958843986159802
1853 -0.9957246981845922
1854 -0.9955619646030903
1855 -0.9953961983671893
1856 -0.9952273999818418
1857 -0.9950555699612371
1858 -0.9948807088287993
1859 -0.9947028171171854
1860 -0.9945218953682848
1861 -0.9943379441332163
1862 -0.9941509639723273
1863 -0.9939609554551918
1864 -0.9937679191606087
1865 -0.9935718556766000
1866 -0.9933727656004091
1867 -0.9931706495384989
1868 -0.9929655081065500
1869 -0.9927573419294587
1870 -0.9925461516413355
1871 -0.9923319378855023
1872 -0.9921147013144918
1873 -0.9918944425900438
1874 -0.9916711623831047
1875 -0.9914448613738249
1876 -0.9912155402515564
1877 -0.9909831997148512
1878 -0.9907478404714587
1879 -0.9905094632383242
1880 -0.9902680687415858
1881 -0.9900236577165733
1882 -0.9897762309078049
1883 -0.9895257890689856
1884 -0.9892723329630047
1885 -0.9890158633619335
1886 -0.9887563810470226
1887 -0.9884938868087005
1888 -0.9882283814465701
1889 -0.9879598657694065
1890 -0.9876883405951554
1891 -0.9874138067509293
1892 -0.9871362650730060
1893 -0.9868557164068256
1894 -0.9865721616069879
1895 -0.9862856015372501
1896 -0.9859960370705239
1897 -0.9857034690888726
1898 -0.9854078984835095
1899 -0.9851093261547934
1900 -0.9848077530122278
1901 -0.9845031799744566
1902 -0.9841956079692621
1903 -0.9838850379335621
1904 -0.9835714708134065
1905 -0.9832549075639755
1906 -0.9829353491495753
1907 -0.9826127965436365
1908 -0.9822872507287101
1909 -0.9819587126964654
1910 -0.9816271834476858
1911 -0.9812926639922672
1912 -0.9809551553492138
1913 -0.9806146585466355
1914 -0.9802711746217445
1915 -0.9799247046208526
1916 -0.9795752495993671
1917 -0.9792228106217892
1918 -0.9788673887617088
1919 -0.9785089851018023
1920 -0.9781476007338298
1921 -0.9777832367586304
1922 -0.9774158942861204
1923 -0.9770455744352884
1924 -0.9766722783341928
1925 -0.9762960071199585
1926 -0.9759167619387727
1927 -0.9755345439458821
1928 -0.9751493543055890
1929 -0.9747611941912477
1930 -0.9743700647852616
1931 -0.9739759672790780
1932 -0.9735789028731870
1933 -0.9731788727771152
1934 -0.9727758782094237
1935 -0.9723699203977040
1936 -0.9719610005785737
1937 -0.9715491199976740
1938 -0.9711342799096641
1939 -0.9707164815782191
1940 -0.9702957262760249
1941 -0.9698720152847755
1942 -0.9694453498951677
1943 -0.9690157314068987
1944 -0.9685831611286604
1945 -0.9681476403781373
1946 -0.9677091704820010
1947 -0.9672677527759068
1948 -0.9668233886044897
1949 -0.9663760793213598
1950 -0.9659258262890991
1951 -0.9654726308792559
1952 -0.9650164944723427
1953 -0.9645574184578295
1954 -0.9640954042341419
1955 -0.9636304532086548
1956 -0.9631625667976902
1957 -0.9626917464265110
1958 -0.9622179935293178
1959 -0.9617413095492440
1960 -0.9612616959383519
1961 -0.9607791541576272
1962 -0.9602936856769765
1963 -0.9598052919752207
1964 -0.9593139745400914
1965 -0.9588197348682274
1966 -0.9583225744651676
1967 -0.9578224948453495
1968 -0.9573194975321021
1969 -0.9568135840576425
1970 -0.9563047559630706
1971 -0.9557930147983656
1972 -0.9552783621223793
1973 -0.9547607995028334
1974 -0.9542403285163130
1975 -0.9537169507482633
1976 -0.9531906677929836
1977 -0.9526614812536232
1978 -0.9521293927421759
1979 -0.9515944038794756
1980 -0.9510565162951912
1981 -0.9505157316278214
1982 -0.9499720515246907
1983 -0.9494254776419421
1984 -0.9488760116445352
1985 -0.9483236552062380
1986 -0.9477684100096248
1987 -0.9472102777460680
1988 -0.9466492601157359
1989 -0.9460853588275849
1990 -0.9455185755993568
1991 -0.9449489121575709
1992 -0.9443763702375214
1993 -0.9438009515832702
1994 -0.9432226579476418
1995 -0.9426414910922196
1996 -0.9420574527873380
1997 -0.9414705448120796
1998 -0.9408807689542672
1999 -0.9402881270104611
2000 -0.9396926207859506
2001 -0.9390942520947517
2002 -0.9384930227595987
2003 -0.9378889346119406
2004 -0.9372819894919345
2005 -0.9366721892484411
2006 -0.9360595357390168
2007 -0.9354440308299112
2008 -0.9348256763960587
2009 -0.9342044743210739
2010 -0.9335804264972466
2011 -0.9329535348255340
2012 -0.9323238012155574
2013 -0.9316912275855943
2014 -0.9310558158625739
2015 -0.9304175679820702
2016 -0.9297764858882975
2017 -0.9291325715341023
2018 -0.9284858268809602
2019 -0.9278362538989666
2020 -0.9271838545668345
2021 -0.9265286308718845
2022 -0.9258705848100424
2023 -0.9252097183858300
2024 -0.9245460336123612
2025 -0.9238795325113350
2026 -0.9232102171130293
2027 -0.9225380894562951
2028 -0.9218631515885494
2029 -0.9211854055657706
2030 -0.9205048534524897
2031 -0.9198214973217874
2032 -0.9191353392552843
2033 -0.9184463813431375
2034 -0.9177546256840315
2035 -0.9170600743851748
2036 -0.9163627295622905
2037 -0.9156625933396122
2038 -0.9149596678498763
2039 -0.9142539552343153
2040 -0.9135454576426529
2041 -0.9128341772330949
2042 -0.9121201161723255
2043 -0.9114032766354978
2044 -0.9106836608062301
2045 -0.9099612708765963
2046 -0.9092361090471220
2047 -0.9085081775267754
2048 -0.9077774785329624
2049 -0.9070440142915190
2050 -0.9063077870367042
2051 -0.9055687990111940
2052 -0.9048270524660743
2053 -0.9040825496608337
2054 -0.9033352928633561
2055 -0.9025852843499164
2056 -0.9018325264051696
2057 -0.9010770213221478
2058 -0.9003187714022498
2059 -0.8995577789552369
2060 -0.8987940462992238
2061 -0.8980275757606727
2062 -0.8972583696743855
2063 -0.8964864303834981
2064 -0.8957117602394705
2065 -0.8949343616020832
2066 -0.8941542368394263
2067 -0.8933713883278961
2068 -0.8925858184521845
2069 -0.8917975296052731
2070 -0.8910065241884272
2071 -0.8902128046111861
2072 -0.8894163732913574
2073 -0.8886172326550087
2074 -0.8878153851364616
2075 -0.8870108331782821
2076 -0.8862035792312756
2077 -0.8853936257544768
2078 -0.8845809752151453
2079 -0.8837656300887549
2080 -0.8829475928589888
2081 -0.8821268660177297
2082 -0.8813034520650543
2083 -0.8804773535092246
2084 -0.8796485728666792
2085 -0.8788171126620286
2086 -0.8779829754280437
2087 -0.8771461637056525
2088 -0.8763066800439273
2089 -0.8754645270000820
2090 -0.8746197071394600
2091 -0.8737722230355299
2092 -0.8729220772698744
2093 -0.8720692724321856
2094 -0.8712138111202546
2095 -0.8703556959399651
2096 -0.8694949295052845
2097 -0.8686315144382573
2098 -0.8677654533689949
2099 -0.8668967489356693
2100 -0.8660254037845057
2101 -0.8651514205697715
2102 -0.8642748019537722
2103 -0.8633955506068391
2104 -0.8625136692073252
2105 -0.8616291604415938
2106 -0.8607420270040119
2107 -0.8598522715969418
2108 -0.8589598969307332
2109 -0.8580649057237134
2110 -0.8571673007021816
2111 -0.8562670846003976
2112 -0.8553642601605764
2113 -0.8544588301328777
2114 -0.8535507972753977
2115 -0.8526401643541628
2116 -0.8517269341431185
2117 -0.8508111094241223
2118 -0.8498926929869350
2119 -0.8489716876292132
2120 -0.8480480961564977
2121 -0.8471219213822093
2122 -0.8461931661276362
2123 -0.8452618332219288
2124 -0.8443279255020878
2125 -0.8433914458129589
2126 -0.8424523970072207
2127 -0.8415107819453799
2128 -0.8405666034957582
2129 -0.8396198645344872
2130 -0.8386705679454985
2131 -0.8377187166205133
2132 -0.8367643134590367
2133 -0.8358073613683453
2134 -0.8348478632634820
2135 -0.8338858220672437
2136 -0.8329212407101756
2137 -0.8319541221305586
2138 -0.8309844692744048
2139 -0.8300122850954441
2140 -0.8290375725551186
2141 -0.8280603346225716
2142 -0.8270805742746392
2143 -0.8260982944958417
2144 -0.8251134982783730
2145 -0.8241261886220941
2146 -0.8231363685345202
2147 -0.8221440410308164
2148 -0.8211492091337830
2149 -0.8201518758738513
2150 -0.8191520442890712
2151 -0.8181497174251031
2152 -0.8171448983352082
2153 -0.8161375900802404
2154 -0.8151277957286345
2155 -0.8141155183563999
2156 -0.8131007610471084
2157 -0.8120835268918875
2158 -0.8110638189894084
2159 -0.8100416404458778
2160 -0.8090169943750295
2161 -0.8079898838981128
2162 -0.8069603121438845
2163 -0.8059282822485984
2164 -0.8048937973559972
2165 -0.8038568606173004
2166 -0.8028174751911982
2167 -0.8017756442438376
2168 -0.8007313709488176
2169 -0.7996846584871746
2170 -0.7986355100473775
2171 -0.7975839288253131
2172 -0.7965299180242815
2173 -0.7954734808549813
2174 -0.7944146205355035
2175 -0.7933533402913211
2176 -0.7922896433552766
2177 -0.7912235329675765
2178 -0.7901550123757769
2179 -0.7890840848347777
2180 -0.7880107536068089
2181 -0.7869350219614248
2182 -0.7858568931754895
2183 -0.7847763705331710
2184 -0.7836934573259279
2185 -0.7826081568525022
2186 -0.7815204724189073
2187 -0.7804304073384185
2188 -0.7793379649315635
2189 -0.7782431485261103
2190 -0.7771459614570608
2191 -0.7760464070666359
2192 -0.7749444887042700
2193 -0.7738402097265966
2194 -0.7727335734974420
2195 -0.7716245833878109
2196 -0.7705132427758804
2197 -0.7693995550469865
2198 -0.7682835235936151
2199 -0.7671651518153912
2200 -0.7660444431190703
2201 -0.7649214009185240
2202 -0.7637960286347349
2203 -0.7626683296957816
2204 -0.7615383075368301
2205 -0.7604059656001247
2206 -0.7592713073349746
2207 -0.7581343361977463
2208 -0.7569950556518508
2209 -0.7558534691677341
2210 -0.7547095802228666
2211 -0.7535633923017330
2212 -0.7524149088958194
2213 -0.7512641335036068
2214 -0.7501110696305552
2215 -0.7489557207890983
2216 -0.7477980904986280
2217 -0.7466381822854881
2218 -0.7454759996829591
2219 -0.7443115462312510
2220 -0.7431448254774917
2221 -0.7419758409757138
2222 -0.7408045962868480
2223 -0.7396310949787076
2224 -0.7384553406259823
2225 -0.7372773368102226
2226 -0.7360970871198333
2227 -0.7349145951500589
2228 -0.7337298645029759
2229 -0.7325428987874782
2230 -0.7313537016192703
2231 -0.7301622766208524
2232 -0.7289686274215118
2233 -0.7277727576573113
2234 -0.7265746709710768
2235 -0.7253743710123890
2236 -0.7241718614375688
2237 -0.7229671459096702
2238 -0.7217602280984641
2239 -0.7205511116804328
2240 -0.7193398003387536
2241 -0.7181262977632915
2242 -0.7169106076505857
2243 -0.7156927337038390
2244 -0.7144726796329065
2245 -0.7132504491542853
2246 -0.7120260459911002
2247 -0.7107994738730966
2248 -0.7095707365366257
2249 -0.7083398377246336
2250 -0.7071067811866528
2251 -0.7058715706787863
2252 -0.7046342099637002
2253 -0.7033947028106097
2254 -0.7021530529952684
2255 -0.7009092642999569
2256 -0.6996633405134720
2257 -0.6984152854311124
2258 -0.6971651028546716
2259 -0.6959127965924213
2260 -0.6946583704591049
2261 -0.6934018282759206
2262 -0.6921431738705149
2263 -0.6908824110769668
2264 -0.6896195437357784
2265 -0.6883545756938629
2266 -0.6870875108045319
2267 -0.6858183529274857
2268 -0.6845471059287981
2269 -0.6832737736809091
2270 -0.6819983600626084
2271 -0.6807208689590283
2272 -0.6794413042616270
2273 -0.6781596698681817
2274 -0.6768759696827716
2275 -0.6755902076157717
2276 -0.6743023875838349
2277 -0.6730125135098850
2278 -0.6717205893231025
2279 -0.6704266189589113
2280 -0.6691306063589710
2281 -0.6678325554711594
2282 -0.6665324702495659
2283 -0.6652303546544741
2284 -0.6639262126523554
2285 -0.6626200482158512
2286 -0.6613118653237662
2287 -0.6600016679610510
2288 -0.6586894601187950
2289 -0.6573752457942106
2290 -0.6560590289906223
2291 -0.6547408137174547
2292 -0.6534206039902214
2293 -0.6520984038305083
2294 -0.6507742172659666
2295 -0.6494480483303003
2296 -0.6481199010632471
2297 -0.6467897795105767
2298 -0.6454576877240673
2299 -0.6441236297615042
2300 -0.6427876096866566
2301 -0.6414496315692760
2302 -0.6401096994850732
2303 -0.6387678175157164
2304 -0.6374239897488080
2305 -0.6360782202778825
2306 -0.6347305132023864
2307 -0.6333808726276692
2308 -0.6320293026649708
2309 -0.6306758074314057
2310 -0.6293203910499580
2311 -0.6279630576494579
2312 -0.6266038113645815
2313 -0.6252426563358258
2314 -0.6238795967095077
2315 -0.6225146366377406
2316 -0.6211477802784316
2317 -0.6197790317952617
2318 -0.6184083953576760
2319 -0.6170358751408708
2320 -0.6156614753257806
2321 -0.6142852000990658
2322 -0.6129070536530993
2323 -0.6115270401859549
2324 -0.6101451639013910
2325 -0.6087614290088449
2326 -0.6073758397234105
2327 -0.6059884002658351
2328 -0.6045991148624992
2329 -0.6032079877454071
2330 -0.6018150231521732
2331 -0.6004202253260091
2332 -0.5990235985157112
2333 -0.5976251469756467
2334 -0.5962248749657416
2335 -0.5948227867514674
2336 -0.5934188866038278
2337 -0.5920131787993461
2338 -0.5906056676200522
2339 -0.5891963573534692
2340 -0.5877852522926005
2341 -0.5863723567359169
2342 -0.5849576749873433
2343 -0.5835412113562456
2344 -0.5821229701574178
2345 -0.5807029557110683
2346 -0.5792811723428076
2347 -0.5778576243836344
2348 -0.5764323161699226
2349 -0.5750052520434081
2350 -0.5735764363511759
2351 -0.5721458734456463
2352 -0.5707135676845621
2353 -0.5692795234309748
2354 -0.5678437450532321
2355 -0.5664062369249638
2356 -0.5649670034250692
2357 -0.5635260489377030
2358 -0.5620833778522624
2359 -0.5606389945633737
2360 -0.5591929034708791
2361 -0.5577451089798227
2362 -0.5562956155004376
2363 -0.5548444274481323
2364 -0.5533915492434766
2365 -0.5519369853121917
2366 -0.5504807400851286
2367 -0.5490228179982658
2368 -0.5475632234926845
2369 -0.5461019610145635
2370 -0.5446390350151619
2371 -0.5431744499508057
2372 -0.5417082102828751
2373 -0.5402403204777905
2374 -0.5387707850069987
2375 -0.5372996083469590
2376 -0.5358267949791328
2377 -0.5343523493899620
2378 -0.5328762760708666
2379 -0.5313985795182190
2380 -0.5299192642333421
2381 -0.5284383347224838
2382 -0.5269557954968151
2383 -0.5254716510724057
2384 -0.5239859059702173
2385 -0.5224985647160872
2386 -0.5210096318407142
2387 -0.5195191118796483
2388 -0.5180270093732685
2389 -0.5165333288667812
2390 -0.5150380749101930
2391 -0.5135412520583099
2392 -0.5120428648707108
2393 -0.5105429179117460
2394 -0.5090414157505111
2395 -0.5075383629608450
2396 -0.5060337641213041
2397 -0.5045276238151597
2398 -0.5030199466303765
2399 -0.5015107371595983
2400 -0.5000000000001420
2401 -0.4984877397539718
2402 -0.4969739610276978
2403 -0.4954586684325494
2404 -0.4939418665843739
2405 -0.4924235601036095
2406 -0.4909037536152834
2407 -0.4893824517489891
2408 -0.4878596591388757
2409 -0.4863353804236338
2410 -0.4848096202464806
2411 -0.4832823832551462
2412 -0.4817536741018593
2413 -0.4802234974433339
2414 -0.4786918579407512
2415 -0.4771587602597538
2416 -0.4756242090704201
2417 -0.4740882090472614
2418 -0.4725507648691993
2419 -0.4710118812195556
2420 -0.4694715627860366
2421 -0.4679298142607194
2422 -0.4663866403400375
2423 -0.4648420457247661
2424 -0.4632960351200085
2425 -0.4617486132351809
2426 -0.4601997847839989
2427 -0.4586495544844624
2428 -0.4570979270588418
2429 -0.4555449072336634
2430 -0.4539904997396949
2431 -0.4524347093119311
2432 -0.4508775406895794
2433 -0.4493189986160454
2434 -0.4477590878389187
2435 -0.4461978131099580
2436 -0.4446351791850770
2437 -0.4430711908243294
2438 -0.4415058527918951
2439 -0.4399391698560653
2440 -0.4383711467892278
2441 -0.4368017883678528
2442 -0.4352310993724783
2443 -0.4336590845876954
2444 -0.4320857488021336
2445 -0.4305110968084467
2446 -0.4289351334032976
2447 -0.4273578633873444
2448 -0.4257792915652248
2449 -0.4241994227455426
2450 -0.4226182617408521
2451 -0.4210358133676439
2452 -0.4194520824463302
2453 -0.4178670738012301
2454 -0.4162807922605547
2455 -0.4146932426563928
2456 -0.4131044298246949
2457 -0.4115143586052630
2458 -0.4099230338417272
2459 -0.4083304603815395
2460 -0.4067366430759550
2461 -0.4051415867800176
2462 -0.4035452963525453
2463 -0.4019477766561156
2464 -0.4003490325570507
2465 -0.3987490689254021
2466 -0.3971478906349368
2467 -0.3955455025631205
2468 -0.3939419095911077
2469 -0.3923371166037175
2470 -0.3907311284894308
2471 -0.3891239501403627
2472 -0.3875155864522604
2473 -0.3859060423244763
2474 -0.3842953226599616
2475 -0.3826834323652479
2476 -0.3810703763504316
2477 -0.3794561595291636
2478 -0.3778407868186250
2479 -0.3762242631395246
2480 -0.3746065934160704
2481 -0.3729877825759683
2482 -0.3713678355503936
2483 -0.3697467572739891
2484 -0.3681245526848371
2485 -0.3665012267244575
2486 -0.3648767843377793
2487 -0.3632512304731382
2488 -0.3616245700822532
2489 -0.3599968081202115
2490 -0.3583679495454615
2491 -0.3567379993197858
2492 -0.3551069624082988
2493 -0.3534748437794182
2494 -0.3518416484048639
2495 -0.3502073812596290
2496 -0.3485720473219778
2497 -0.3469356515734178
2498 -0.3452981989986967
2499 -0.3436596945857784
2500 -0.3420201433258312
2501 -0.3403795502132129
2502 -0.3387379202454543
2503 -0.3370952584232461
2504 -0.3354515697504183
2505 -0.3338068592339353
2506 -0.3321611318838670
2507 -0.3305143927133878
2508 -0.3288666467387474
2509 -0.3272178989792683
2510 -0.3255681544573212
2511 -0.3239174181983142
2512 -0.3222656952306761
2513 -0.3206129905858414
2514 -0.3189593092982353
2515 -0.3173046564052577
2516 -0.3156490369472682
2517 -0.3139924559675709
2518 -0.3123349185123995
2519 -0.3106764296308981
2520 -0.3090169943751140
2521 -0.3073566177999738
2522 -0.3056953049632726
2523 -0.3040330609256574
2524 -0.3023698907506118
2525 -0.3007057995044407
2526 -0.2990407922562544
2527 -0.2973748740779539
2528 -0.2957080500442149
2529 -0.2940403252324723
2530 -0.2923717047229052
2531 -0.2907021935984212
2532 -0.2890317969446405
2533 -0.2873605198498811
2534 -0.2856883674051429
2535 -0.2840153447040921
2536 -0.2823414568430461
2537 -0.2806667089209576
2538 -0.2789911060393993
2539 -0.2773146533025480
2540 -0.2756373558171696
2541 -0.2739592186926031
2542 -0.2722802470407452
2543 -0.2706004459760346
2544 -0.2689198206154369
2545 -0.2672383760784283
2546 -0.2655561174869795
2547 -0.2638730499655447
2548 -0.2621891786410366
2549 -0.2605045086428205
2550 -0.2588190451026930
2551 -0.2571327931548687
2552 -0.2554457579359632
2553 -0.2537579445849785
2554 -0.2520693582432867
2555 -0.2503800040546146
2556 -0.2486898871650282
2557 -0.2469990127229157
2558 -0.2453073858789764
2559 -0.2436150117861956
2560 -0.2419218955998419
2561 -0.2402280424774372
2562 -0.2385334575787545
2563 -0.2368381460657917
2564 -0.2351421131027632
2565 -0.2334453638560788
2566 -0.2317479034943300
2567 -0.2300497371882764
2568 -0.2283508701108279
2569 -0.2266513074370265
2570 -0.2249510543440366
2571 -0.2232501160111223
2572 -0.2215484976196384
2573 -0.2198462043530079
2574 -0.2181432413967123
2575 -0.2164396139382728
2576 -0.2147353271672324
2577 -0.2130303862751459
2578 -0.2113247964555573
2579 -0.2096185629039898
2580 -0.2079116908179275
2581 -0.2062041853967971
2582 -0.2044960518419580
2583 -0.2027872953566803
2584 -0.2010779211461309
2585 -0.1993679344173636
2586 -0.1976573403792918
2587 -0.1959461442426835
2588 -0.1942343512201380
2589 -0.1925219665260727
2590 -0.1908089953767094
2591 -0.1890954429900560
2592 -0.1873813145858887
2593 -0.1856666153857414
2594 -0.1839513506128836
2595 -0.1822355254923102
2596 -0.1805191452507229
2597 -0.1788022151165118
2598 -0.1770847403197457
2599 -0.1753667260921488
2600 -0.1736481776670921
2601 -0.1719291002795706
2602 -0.1702094991661929
2603 -0.1684893795651631
2604 -0.1667687467162621
2605 -0.1650476058608376
2606 -0.1633259622417815
2607 -0.1616038211035196
2608 -0.1598811876919935
2609 -0.1581580672546415
2610 -0.1564344650403890
2611 -0.1547103862996263
2612 -0.1529858362841947
2613 -0.1512608202473760
2614 -0.1495353434438665
2615 -0.1478094111297668
2616 -0.1460830285625680
2617 -0.1443562010011288
2618 -0.1426289337056665
2619 -0.1409012319377377
2620 -0.1391731009602198
2621 -0.1374445460373011
2622 -0.1357155724344581
2623 -0.1339861854184450
2624 -0.1322563902572756
2625 -0.1305261922202040
2626 -0.1287955965777153
2627 -0.1270646086015023
2628 -0.1253332335644562
2629 -0.1236014767406439
2630 -0.1218693434052979
2631 -0.1201368388347977
2632 -0.1184039683066508
2633 -0.1166707370994831
2634 -0.1149371504930167
2635 -0.1132032137680552
2636 -0.1114689322064741
2637 -0.1097343110911931
2638 -0.1079993557061709
2639 -0.1062640713363814
2640 -0.1045284632678000
2641 -0.1027925367873935
2642 -0.1010562971830931
2643 -0.0993197497437850
2644 -0.0975828997592956
2645 -0.0958457525203694
2646 -0.0941083133186590
2647 -0.0923705874467064
2648 -0.0906325801979242
2649 -0.0888942968665857
2650 -0.0871557427478016
2651 -0.0854169231375101
2652 -0.0836778433324583
2653 -0.0819385086301830
2654 -0.0801989243290011
2655 -0.0784590957279863
2656 -0.0767190281269602
2657 -0.0749787268264685
2658 -0.0732381971277717
2659 -0.0714974443328261
2660 -0.0697564737442647
2661 -0.0680152906653877
2662 -0.0662739004001398
2663 -0.0645323082530960
2664 -0.0627905195294515
2665 -0.0610485395349951
2666 -0.0593063735760991
2667 -0.0575640269597049
2668 -0.0558215049932997
2669 -0.0540788129849114
2670 -0.0523359562430800
2671 -0.0505929400768487
2672 -0.0488497697957488
2673 -0.0471064507097774
2674 -0.0453629881293878
2675 -0.0436193873654701
2676 -0.0418756537293330
2677 -0.0401317925326932
2678 -0.0383878090876526
2679 -0.0366437087066891
2680 -0.0348994967026330
2681 -0.0331551783886576
2682 -0.0314107590782597
2683 -0.0296662440852414
2684 -0.0279216387236996
2685 -0.0261769483080031
2686 -0.0244321781527823
2687 -0.0226873335729107
2688 -0.0209424198834864
2689 -0.0191974423998183
2690 -0.0174524064374123
2691 -0.0157073173119478
2692 -0.0139621803392725
2693 -0.0122170008353745
2694 -0.0104717841163723
2695 -0.0087265354985006
2696 -0.0069812602980874
2697 -0.0052359638315447
2698 -0.0034906514153489
2699 -0.0017453283660227
2700 -0.0000000000001245
2701 0.0017453283657746
2702 0.0034906514151008
2703 0.0052359638312965
2704 0.0069812602978393
2705 0.0087265354982515
2706 0.0104717841161242
2707 0.0122170008351254
2708 0.0139621803390243
2709 0.0157073173117005
2710 0.0174524064371632
2711 0.0191974423995693
2712 0.0209424198832374
2713 0.0226873335726626
2714 0.0244321781525351
2715 0.0261769483077550
2716 0.0279216387234507
2717 0.0296662440849933
2718 0.0314107590780108
2719 0.0331551783884095
2720 0.0348994967023850
2721 0.0366437087064402
2722 0.0383878090874047
2723 0.0401317925324443
2724 0.0418756537290850
2725 0.0436193873652222
2726 0.0453629881291399
2727 0.0471064507095295
2728 0.0488497697955000
2729 0.0505929400766009
2730 0.0523359562428322
2731 0.0540788129846635
2732 0.0558215049930528
2733 0.0575640269594562
2734 0.0593063735758514
2735 0.0610485395347465
2736 0.0627905195292038
2737 0.0645323082528492
2738 0.0662739003998913
2739 0.0680152906651392
2740 0.0697564737440171
2741 0.0714974443325785
2742 0.0732381971275251
2743 0.0749787268262210
2744 0.0767190281267119
2745 0.0784590957277390
2746 0.0801989243287528
2747 0.0819385086299356
2748 0.0836778433322110
2749 0.0854169231372629
2750 0.0871557427475544
2751 0.0888942968663376
2752 0.0906325801976770
2753 0.0923705874464593
2754 0.0941083133184119
2755 0.0958457525201224
2756 0.0975828997590478
2757 0.0993197497435381
2758 0.1010562971828462
2759 0.1027925367871466
2760 0.1045284632675541
2761 0.1062640713361337
2762 0.1079993557059233
2763 0.1097343110909465
2764 0.1114689322062275
2765 0.1132032137678095
2766 0.1149371504927693
2767 0.1166707370992358
2768 0.1184039683064044
2769 0.1201368388345504
2770 0.1218693434050516
2771 0.1236014767403976
2772 0.1253332335642091
2773 0.1270646086012561
2774 0.1287955965774683
2775 0.1305261922199579
2776 0.1322563902570295
2777 0.1339861854181991
2778 0.1357155724342122
2779 0.1374445460370544
2780 0.1391731009599740
2781 0.1409012319374920
2782 0.1426289337054209
2783 0.1443562010008833
2784 0.1460830285623216
2785 0.1478094111295205
2786 0.1495353434436211
2787 0.1512608202471307
2788 0.1529858362839503
2789 0.1547103862993802
2790 0.1564344650401429
2791 0.1581580672543964
2792 0.1598811876917485
2793 0.1616038211032747
2794 0.1633259622415366
2795 0.1650476058605919
2796 0.1667687467160174
2797 0.1684893795649176
2798 0.1702094991659484
2799 0.1719291002793261
2800 0.1736481776668469
2801 0.1753667260919044
2802 0.1770847403195005
2803 0.1788022151162676
2804 0.1805191452504788
2805 0.1822355254920662
2806 0.1839513506126397
2807 0.1856666153854966
2808 0.1873813145856440
2809 0.1890954429898123
2810 0.1908089953764658
2811 0.1925219665258292
2812 0.1942343512198936
2813 0.1959461442424393
2814 0.1976573403790485
2815 0.1993679344171203
2816 0.2010779211458886
2817 0.2027872953564364
2818 0.2044960518417141
2819 0.2062041853965542
2820 0.2079116908176847
2821 0.2096185629037471
2822 0.2113247964553147
2823 0.2130303862749026
2824 0.2147353271669900
2825 0.2164396139380296
2826 0.2181432413964701
2827 0.2198462043527658
2828 0.2215484976193955
2829 0.2232501160108804
2830 0.2249510543437939
2831 0.2266513074367848
2832 0.2283508701105862
2833 0.2300497371880348
2834 0.2317479034940886
2835 0.2334453638558366
2836 0.2351421131025211
2837 0.2368381460655514
2838 0.2385334575785135
2839 0.2402280424771971
2840 0.2419218955996011
2841 0.2436150117859558
2842 0.2453073858787366
2843 0.2469990127226777
2844 0.2486898871647896
2845 0.2503800040543770
2846 0.2520693582430492
2847 0.2537579445847419
2848 0.2554457579357276
2849 0.2571327931546332
2850 0.2588190451024585
2851 0.2605045086425861
2852 0.2621891786408032
2853 0.2638730499653113
2854 0.2655561174867480
2855 0.2672383760781968
2856 0.2689198206152056
2857 0.2706004459758043
2858 0.2722802470405150
2859 0.2739592186923730
2860 0.2756373558169413
2861 0.2773146533023199
2862 0.2789911060391721
2863 0.2806667089207306
2864 0.2823414568428191
2865 0.2840153447038670
2866 0.2856883674049178
2867 0.2873605198496562
2868 0.2890317969444166
2869 0.2907021935981973
2870 0.2923717047226824
2871 0.2940403252322504
2872 0.2957080500439931
2873 0.2973748740777331
2874 0.2990407922560337
2875 0.3007057995042209
2876 0.3023698907503931
2877 0.3040330609254388
2878 0.3056953049630550
2879 0.3073566177997563
2880 0.3090169943748974
2881 0.3106764296306817
2882 0.3123349185121832
2883 0.3139924559673564
2884 0.3156490369470538
2885 0.3173046564050443
2886 0.3189593092980220
2887 0.3206129905856283
2888 0.3222656952304647
2889 0.3239174181981029
2890 0.3255681544571101
2891 0.3272178989790581
2892 0.3288666467385374
2893 0.3305143927131788
2894 0.3321611318836590
2895 0.3338068592337265
2896 0.3354515697502114
2897 0.3370952584230384
2898 0.3387379202452484
2899 0.3403795502130079
2900 0.3420201433256265
2901 0.3436596945855745
2902 0.3452981989984931
2903 0.3469356515732150
2904 0.3485720473217743
2905 0.3502073812594273
2906 0.3518416484046624
2907 0.3534748437792177
2908 0.3551069624080984
2909 0.3567379993195864
2910 0.3583679495452622
2911 0.3599968081200139
2912 0.3616245700820550
2913 0.3632512304729417
2914 0.3648767843375830
2915 0.3665012267242605
2916 0.3681245526846428
2917 0.3697467572737940
2918 0.3713678355501995
2919 0.3729877825757743
2920 0.3746065934158774
2921 0.3762242631393325
2922 0.3778407868184340
2923 0.3794561595289718
2924 0.3810703763502416
2925 0.3826834323650572
2926 0.3842953226597719
2927 0.3859060423242875
2928 0.3875155864520718
2929 0.3891239501401758
2930 0.3907311284892432
2931 0.3923371166035317
2932 0.3939419095909213
2933 0.3955455025629358
2934 0.3971478906347523
2935 0.3987490689252178
2936 0.4003490325568673
2937 0.4019477766559324
2938 0.4035452963523630
2939 0.4051415867798362
2940 0.4067366430757738
2941 0.4083304603813585
2942 0.4099230338415470
2943 0.4115143586050830
2944 0.4131044298245175
2945 0.4146932426562147
2946 0.4162807922603767
2947 0.4178670738010530
2948 0.4194520824461533
2949 0.4210358133674679
2950 0.4226182617406771
2951 0.4241994227453678
2952 0.4257792915650510
2953 0.4273578633871706
2954 0.4289351334031248
2955 0.4305110968082748
2956 0.4320857488019619
2957 0.4336590845875246
2958 0.4352310993723078
2959 0.4368017883676832
2960 0.4383711467890583
2961 0.4399391698558967
2962 0.4415058527917275
2963 0.4430711908241619
2964 0.4446351791849096
2965 0.4461978131097916
2966 0.4477590878387532
2967 0.4493189986158809
2968 0.4508775406894149
2969 0.4524347093117668
2970 0.4539904997395316
2971 0.4555449072335003
2972 0.4570979270586796
2973 0.4586495544843011
2974 0.4601997847838377
2975 0.4617486132350207
2976 0.4632960351198484
2977 0.4648420457246070
2978 0.4663866403398793
2979 0.4679298142605613
2980 0.4694715627858795
2981 0.4710118812193986
2982 0.4725507648690433
2983 0.4740882090471062
2984 0.4756242090702651
2985 0.4771587602595990
2986 0.4786918579405973
2987 0.4802234974431793
2988 0.4817536741017063
2989 0.4832823832549941
2990 0.4848096202463295
2991 0.4863353804234828
2992 0.4878596591387250
2993 0.4893824517488392
2994 0.4909037536151337
2995 0.4924235601034607
2996 0.4939418665842252
2997 0.4954586684324017
2998 0.4969739610275502
2999 0.4984877397538251
3000 0.4999999999999954
3001 0.5015107371594535
3002 0.5030199466302311
3003 0.5045276238150159
3004 0.5060337641211604
3005 0.5075383629607014
3006 0.5090414157503692
3007 0.5105429179116036
3008 0.5120428648705700
3009 0.5135412520581686
3010 0.5150380749100534
3011 0.5165333288666416
3012 0.5180270093731298
3013 0.5195191118795097
3014 0.5210096318405766
3015 0.5224985647159490
3016 0.5239859059700800
3017 0.5254716510722693
3018 0.5269557954966797
3019 0.5284383347223492
3020 0.5299192642332069
3021 0.5313985795180854
3022 0.5328762760707325
3023 0.5343523493898296
3024 0.5358267949790004
3025 0.5372996083468276
3026 0.5387707850068675
3027 0.5402403204776594
3028 0.5417082102827449
3029 0.5431744499506762
3030 0.5446390350150326
3031 0.5461019610144352
3032 0.5475632234925563
3033 0.5490228179981385
3034 0.5504807400850029
3035 0.5519369853120654
3036 0.5533915492433520
3037 0.5548444274480071
3038 0.5562956155003125
3039 0.5577451089796984
3040 0.5591929034707558
3041 0.5606389945632513
3042 0.5620833778521401
3043 0.5635260489375808
3044 0.5649670034249480
3045 0.5664062369248435
3046 0.5678437450531119
3047 0.5692795234308554
3048 0.5707135676844428
3049 0.5721458734455279
3050 0.5735764363510577
3051 0.5750052520432908
3052 0.5764323161698061
3053 0.5778576243835181
3054 0.5792811723426922
3055 0.5807029557109530
3056 0.5821229701573033
3057 0.5835412113561320
3058 0.5849576749872298
3059 0.5863723567358042
3060 0.5877852522924880
3061 0.5891963573533568
3062 0.5906056676199415
3063 0.5920131787992355
3064 0.5934188866037180
3065 0.5948227867513578
3066 0.5962248749656321
3067 0.5976251469755381
3068 0.5990235985156034
3069 0.6004202253259016
3070 0.6018150231520664
3071 0.6032079877453005
3072 0.6045991148623935
3073 0.6059884002657302
3074 0.6073758397233058
3075 0.6087614290087403
3076 0.6101451639012871
3077 0.6115270401858514
3078 0.6129070536529965
3079 0.6142852000989638
3080 0.6156614753256795
3081 0.6170358751407697
3082 0.6184083953575759
3083 0.6197790317951617
3084 0.6211477802783318
3085 0.6225146366376423
3086 0.6238795967094087
3087 0.6252426563357283
3088 0.6266038113644836
3089 0.6279630576493609
3090 0.6293203910498617
3091 0.6306758074313104
3092 0.6320293026648756
3093 0.6333808726275747
3094 0.6347305132022920
3095 0.6360782202777889
3096 0.6374239897487153
3097 0.6387678175156232
3098 0.6401096994849814
3099 0.6414496315691838
3100 0.6427876096865658
3101 0.6441236297614135
3102 0.6454576877239774
3103 0.6467897795104870
3104 0.6481199010631582
3105 0.6494480483302115
3106 0.6507742172658787
3107 0.6520984038304205
3108 0.6534206039901342
3109 0.6547408137173685
3110 0.6560590289905366
3111 0.6573752457941249
3112 0.6586894601187094
3113 0.6600016679609669
3114 0.6613118653236819
3115 0.6626200482157680
3116 0.6639262126522720
3117 0.6652303546543912
3118 0.6665324702494840
3119 0.6678325554710780
3120 0.6691306063588895
3121 0.6704266189588309
3122 0.6717205893230219
3123 0.6730125135098055
3124 0.6743023875837562
3125 0.6755902076156929
3126 0.6768759696826938
3127 0.6781596698681036
3128 0.6794413042615500
3129 0.6807208689589512
3130 0.6819983600625323
3131 0.6832737736808335
3132 0.6845471059287229
3133 0.6858183529274110
3134 0.6870875108044576
3135 0.6883545756937891
3136 0.6896195437357054
3137 0.6908824110768939
3138 0.6921431738704428
3139 0.6934018282758488
3140 0.6946583704590330
3141 0.6959127965923512
3142 0.6971651028546013
3143 0.6984152854310425
3144 0.6996633405134025
3145 0.7009092642998879
3146 0.7021530529952005
3147 0.7033947028105418
3148 0.7046342099636325
3149 0.7058715706787193
3150 0.7071067811865857
3151 0.7083398377245675
3152 0.7095707365365601
3153 0.7107994738730314
3154 0.7120260459910359
3155 0.7132504491542209
3156 0.7144726796328432
3157 0.7156927337037755
3158 0.7169106076505228
3159 0.7181262977632294
3160 0.7193398003386916
3161 0.7205511116803713
3162 0.7217602280984029
3163 0.7229671459096094
3164 0.7241718614375092
3165 0.7253743710123293
3166 0.7265746709710174
3167 0.7277727576572522
3168 0.7289686274214532
3169 0.7301622766207951
3170 0.7313537016192131
3171 0.7325428987874212
3172 0.7337298645029192
3173 0.7349145951500027
3174 0.7360970871197775
3175 0.7372773368101677
3176 0.7384553406259273
3177 0.7396310949786536
3178 0.7408045962867938
3179 0.7419758409756606
3180 0.7431448254774389
3181 0.7443115462311986
3182 0.7454759996829071
3183 0.7466381822854361
3184 0.7477980904985770
3185 0.7489557207890472
3186 0.7501110696305050
3187 0.7512641335035570
3188 0.7524149088957701
3189 0.7535633923016840
3190 0.7547095802228180
3191 0.7558534691676859
3192 0.7569950556518033
3193 0.7581343361976989
3194 0.7592713073349273
3195 0.7604059656000778
3196 0.7615383075367835
3197 0.7626683296957361
3198 0.7637960286346898
3199 0.7649214009184792
3200 0.7660444431190258
3201 0.7671651518153472
3202 0.7682835235935713
3203 0.7693995550469435
3204 0.7705132427758374
3205 0.7716245833877686
3206 0.7727335734973995
3207 0.7738402097265550
3208 0.7749444887042288
3209 0.7760464070665950
3210 0.7771459614570203
3211 0.7782431485260702
3212 0.7793379649315237
3213 0.7804304073383792
3214 0.7815204724188686
3215 0.7826081568524641
3216 0.7836934573258898
3217 0.7847763705331328
3218 0.7858568931754522
3219 0.7869350219613874
3220 0.7880107536067730
3221 0.7890840848347415
3222 0.7901550123757409
3223 0.7912235329675410
3224 0.7922896433552415
3225 0.7933533402912863
3226 0.7944146205354696
3227 0.7954734808549472
3228 0.7965299180242480
3229 0.7975839288252801
3230 0.7986355100473447
3231 0.7996846584871428
3232 0.8007313709487855
3233 0.8017756442438063
3234 0.8028174751911668
3235 0.8038568606172698
3236 0.8048937973559670
3237 0.8059282822485685
3238 0.8069603121438550
3239 0.8079898838980833
3240 0.8090169943750001
3241 0.8100416404458489
3242 0.8110638189893800
3243 0.8120835268918598
3244 0.8131007610470811
3245 0.8141155183563724
3246 0.8151277957286077
3247 0.8161375900802136
3248 0.8171448983351821
3249 0.8181497174250774
3250 0.8191520442890455
3251 0.8201518758738262
3252 0.8211492091337579
3253 0.8221440410307916
3254 0.8231363685344965
3255 0.8241261886220700
3256 0.8251134982783498
3257 0.8260982944958183
3258 0.8270805742746166
3259 0.8280603346225495
3260 0.8290375725550965
3261 0.8300122850954226
3262 0.8309844692743832
3263 0.8319541221305372
3264 0.8329212407101545
3265 0.8338858220672234
3266 0.8348478632634621
3267 0.8358073613683256
3268 0.8367643134590168
3269 0.8377187166204942
3270 0.8386705679454797
3271 0.8396198645344687
3272 0.8405666034957400
3273 0.8415107819453617
3274 0.8424523970072033
3275 0.8433914458129412
3276 0.8443279255020709
3277 0.8452618332219123
3278 0.8461931661276200
3279 0.8471219213821933
3280 0.8480480961564819
3281 0.8489716876291977
3282 0.8498926929869204
3283 0.8508111094241074
3284 0.8517269341431041
3285 0.8526401643541485
3286 0.8535507972753840
3287 0.8544588301328642
3288 0.8553642601605632
3289 0.8562670846003849
3290 0.8571673007021688
3291 0.8580649057237009
3292 0.8589598969307209
3293 0.8598522715969302
3294 0.8607420270040007
3295 0.8616291604415826
3296 0.8625136692073141
3297 0.8633955506068285
3298 0.8642748019537617
3299 0.8651514205697612
3300 0.8660254037844957
3301 0.8668967489356596
3302 0.8677654533689855
3303 0.8686315144382480
3304 0.8694949295052761
3305 0.8703556959399569
3306 0.8712138111202464
3307 0.8720692724321778
3308 0.8729220772698666
3309 0.8737722230355224
3310 0.8746197071394531
3311 0.8754645270000749
3312 0.8763066800439209
3313 0.8771461637056458
3314 0.8779829754280374
3315 0.8788171126620229
3316 0.8796485728666738
3317 0.8804773535092194
3318 0.8813034520650495
3319 0.8821268660177247
3320 0.8829475928589841
3321 0.8837656300887508
3322 0.8845809752151410
3323 0.8853936257544731
3324 0.8862035792312717
3325 0.8870108331782789
3326 0.8878153851364586
3327 0.8886172326550059
3328 0.8894163732913548
3329 0.8902128046111836
3330 0.8910065241884251
3331 0.8917975296052710
3332 0.8925858184521825
3333 0.8933713883278948
3334 0.8941542368394252
3335 0.8949343616020822
3336 0.8957117602394697
3337 0.8964864303834972
3338 0.8972583696743855
3339 0.8980275757606726
3340 0.8987940462992240
3341 0.8995577789552371
3342 0.9003187714022500
3343 0.9010770213221486
3344 0.9018325264051706
3345 0.9025852843499171
3346 0.9033352928633575
3347 0.9040825496608348
3348 0.9048270524660761
3349 0.9055687990111962
3350 0.9063077870367064
3351 0.9070440142915215
3352 0.9077774785329650
3353 0.9085081775267781
3354 0.9092361090471247
3355 0.9099612708765995
3356 0.9106836608062334
3357 0.9114032766355014
3358 0.9121201161723292
3359 0.9128341772330988
3360 0.9135454576426569
3361 0.9142539552343198
3362 0.9149596678498807
3363 0.9156625933396170
3364 0.9163627295622953
3365 0.9170600743851794
3366 0.9177546256840370
3367 0.9184463813431427
3368 0.9191353392552901
3369 0.9198214973217931
3370 0.9205048534524954
3371 0.9211854055657768
3372 0.9218631515885558
3373 0.9225380894563013
3374 0.9232102171130360
3375 0.9238795325113416
3376 0.9245460336123680
3377 0.9252097183858371
3378 0.9258705848100495
3379 0.9265286308718921
3380 0.9271838545668418
3381 0.9278362538989745
3382 0.9284858268809678
3383 0.9291325715341104
3384 0.9297764858883057
3385 0.9304175679820785
3386 0.9310558158625823
3387 0.9316912275856027
3388 0.9323238012155660
3389 0.9329535348255430
3390 0.9335804264972554
3391 0.9342044743210831
3392 0.9348256763960678
3393 0.9354440308299204
3394 0.9360595357390267
3395 0.9366721892484507
3396 0.9372819894919443
3397 0.9378889346119506
3398 0.9384930227596086
3399 0.9390942520947617
3400 0.9396926207859611
3401 0.9402881270104713
3402 0.9408807689542779
3403 0.9414705448120899
3404 0.9420574527873488
3405 0.9426414910922305
3406 0.9432226579476527
3407 0.9438009515832811
3408 0.9443763702375325
3409 0.9449489121575824
3410 0.9455185755993680
3411 0.9460853588275965
3412 0.9466492601157476
3413 0.9472102777460797
3414 0.9477684100096365
3415 0.9483236552062498
3416 0.9488760116445470
3417 0.9494254776419544
3418 0.9499720515247028
3419 0.9505157316278336
3420 0.9510565162952035
3421 0.9515944038794878
3422 0.9521293927421886
3423 0.9526614812536358
3424 0.9531906677929962
3425 0.9537169507482761
3426 0.9542403285163258
3427 0.9547607995028463
3428 0.9552783621223925
3429 0.9557930147983786
3430 0.9563047559630840
3431 0.9568135840576555
3432 0.9573194975321153
3433 0.9578224948453630
3434 0.9583225744651810
3435 0.9588197348682407
3436 0.9593139745401049
3437 0.9598052919752342
3438 0.9602936856769900
3439 0.9607791541576410
3440 0.9612616959383657
3441 0.9617413095492579
3442 0.9622179935293316
3443 0.9626917464265249
3444 0.9631625667977040
3445 0.9636304532086690
3446 0.9640954042341557
3447 0.9645574184578435
3448 0.9650164944723567
3449 0.9654726308792700
3450 0.9659258262891132
3451 0.9663760793213741
3452 0.9668233886045038
3453 0.9672677527759211
3454 0.9677091704820152
3455 0.9681476403781517
3456 0.9685831611286749
3457 0.9690157314069130
3458 0.9694453498951823
3459 0.9698720152847898
3460 0.9702957262760394
3461 0.9707164815782336
3462 0.9711342799096786
3463 0.9715491199976886
3464 0.9719610005785883
3465 0.9723699203977185
3466 0.9727758782094381
3467 0.9731788727771297
3468 0.9735789028732016
3469 0.9739759672790926
3470 0.9743700647852759
3471 0.9747611941912623
3472 0.9751493543056035
3473 0.9755345439458969
3474 0.9759167619387873
3475 0.9762960071199730
3476 0.9766722783342073
3477 0.9770455744353027
3478 0.9774158942861348
3479 0.9777832367586450
3480 0.9781476007338441
3481 0.9785089851018167
3482 0.9788673887617230
3483 0.9792228106218036
3484 0.9795752495993817
3485 0.9799247046208669
3486 0.9802711746217589
3487 0.9806146585466499
3488 0.9809551553492282
3489 0.9812926639922814
3490 0.9816271834477001
3491 0.9819587126964796
3492 0.9822872507287242
3493 0.9826127965436505
3494 0.9829353491495894
3495 0.9832549075639895
3496 0.9835714708134206
3497 0.9838850379335760
3498 0.9841956079692760
3499 0.9845031799744705
3500 0.9848077530122415
3501 0.9851093261548072
3502 0.9854078984835232
3503 0.9857034690888863
3504 0.9859960370705374
3505 0.9862856015372635
3506 0.9865721616070013
3507 0.9868557164068390
3508 0.9871362650730193
3509 0.9874138067509426
3510 0.9876883405951685
3511 0.9879598657694197
3512 0.9882283814465832
3513 0.9884938868087135
3514 0.9887563810470357
3515 0.9890158633619462
3516 0.9892723329630174
3517 0.9895257890689982
3518 0.9897762309078175
3519 0.9900236577165860
3520 0.9902680687415983
3521 0.9905094632383364
3522 0.9907478404714710
3523 0.9909831997148634
3524 0.9912155402515685
3525 0.9914448613738369
3526 0.9916711623831166
3527 0.9918944425900555
3528 0.9921147013145034
3529 0.9923319378855140
3530 0.9925461516413471
3531 0.9927573419294702
3532 0.9929655081065614
3533 0.9931706495385101
3534 0.9933727656004202
3535 0.9935718556766110
3536 0.9937679191606195
3537 0.9939609554552026
3538 0.9941509639723378
3539 0.9943379441332267
3540 0.9945218953682953
3541 0.9947028171171958
3542 0.9948807088288094
3543 0.9950555699612472
3544 0.9952273999818517
3545 0.9953961983671991
3546 0.9955619646031000
3547 0.9957246981846016
3548 0.9958843986159897
3549 0.9960410654107884
3550 0.9961946980917641
3551 0.9963452961909247
3552 0.9964928592495222
3553 0.9966373868180541
3554 0.9967788784562643
3555 0.9969173337331448
3556 0.9970527522269368
3557 0.9971851335251319
3558 0.9973144772244740
3559 0.9974407829309594
3560 0.9975640502598394
3561 0.9976842788356201
3562 0.9978014682920644
3563 0.9979156182721931
3564 0.9980267284282853
3565 0.9981347984218804
3566 0.9982398279237783
3567 0.9983418166140410
3568 0.9984407641819933
3569 0.9985366703262237
3570 0.9986295347545855
3571 0.9987193571841974
3572 0.9988061373414449
3573 0.9988898749619805
3574 0.9989705697907248
3575 0.9990482215818675
3576 0.9991228300988677
3577 0.9991943951144550
3578 0.9992629164106298
3579 0.9993283937786644
3580 0.9993908270191035
3581 0.9994502159417646
3582 0.9995065603657386
3583 0.9995598601193908
3584 0.9996101150403607
3585 0.9996573249755633
3586 0.9997014897811887
3587 0.9997426093227034
3588 0.9997806834748503
3589 0.9998157121216487
3590 0.9998476951563953
3591 0.9998766324816643
3592 0.9999025240093075
3593 0.9999253696604549
3594 0.9999451693655146
3595 0.9999619230641733
3596 0.9999756307053964
3597 0.9999862922474280
3598 0.9999939076577912
3599 0.9999984769132881
3600 0.0000000000000000
